6.9395e-310,6.93951e-310,3.14159,0,-0,-0,-3.14159
-0.0157426,0.00351313,3.14334,-0.0157488,0.00354062,0.00174773,-3.14159
-0.0340014,0.0263501,3.1442,-0.0183185,0.0228847,0.000857843,-3.14159
0.0322694,0.0369226,3.14756,0.0662112,0.0101773,0.00336837,-3.14159
0.047208,0.0850773,3.16007,0.0140561,0.0479033,0.0125019,-3.14159
0.0576035,0.0984514,3.1645,0.010097,0.0131462,0.0044351,-3.14159
0.0587833,0.124142,3.17049,0.000437765,0.025689,0.00599021,-3.14159
0.0437339,0.148693,3.17748,-0.0159616,0.02514,0.00698484,-3.14159
0.0427407,0.178872,3.18465,-0.0022998,0.0303052,0.00717423,-3.14159
-0.0307333,0.266028,3.17784,-0.0767861,0.0899983,-0.00680791,-3.14159
-0.076867,0.253068,3.18454,-0.0457032,-0.0110079,0.00669758,-3.14159
-0.0724763,0.189904,3.19707,0.00793489,-0.0637022,0.0125276,-3.14159
-0.0805741,0.184352,3.19836,-0.00782007,-0.00511572,0.00129593,-3.14159
-0.0941266,0.183061,3.19846,-0.0135447,-0.000522616,9.21084e-05,-3.14159
-0.0895375,0.175332,3.19851,0.00505415,-0.00802988,5.45172e-05,-3.14159
-0.0878803,0.17019,3.19838,0.00195895,-0.00526144,-0.000129428,-3.14159
-0.0593958,0.143083,3.19694,0.0301248,-0.0288173,-0.00144048,-3.14159
-0.0479678,0.129148,3.19674,0.0122532,-0.0146323,-0.000198042,-3.14159
-0.034729,0.116083,3.19579,0.0140093,-0.0138443,-0.000952663,-3.14159
-0.036505,0.17803,3.1961,-0.00517875,0.0623216,0.000307681,-3.14159
-0.0225306,0.166635,3.19498,0.0146459,-0.0121938,-0.00111874,-3.14159
-0.00314516,0.154444,3.19545,0.0201302,-0.0132939,0.000471085,-3.14159
0.0638862,0.153199,3.19739,0.0674158,-0.00501279,0.00194114,-3.14159
0.100944,0.151727,3.19943,0.0373308,-0.00363605,0.00204139,-3.14159
0.119726,0.160037,3.19985,0.0183905,0.00725175,0.00041817,-3.14159
0.199699,0.175333,3.20273,0.0794824,0.0104595,0.00287486,-3.14159
0.229276,0.205084,3.20285,0.0279095,0.0280949,0.0001252,-3.14159
0.245681,0.215924,3.20257,0.015832,0.00989307,-0.000279468,-3.14159
0.256185,0.195408,3.19805,0.0117191,-0.0212109,-0.00451772,-3.14159
0.260598,0.193803,3.19771,0.00452454,-0.00186149,-0.000347572,-3.14159
0.281722,0.20096,3.19469,0.0208317,0.0060596,-0.00301093,-3.14159
0.313915,0.222621,3.19233,0.0312134,0.0201043,-0.00236723,-3.14159
0.309131,0.216486,3.19003,-0.00450214,-0.00592446,-0.002295,-3.14159
0.292075,0.218667,3.18642,-0.017206,0.00295587,-0.00360849,-3.14159
0.270798,0.195655,3.18305,-0.0203744,-0.0221869,-0.00337665,-3.14159
0.282089,0.192041,3.18136,0.0114621,-0.00407333,-0.00168241,-3.14159
0.296478,0.168882,3.17548,0.0151999,-0.0236875,-0.00588187,-3.14159
0.269994,0.156264,3.16893,-0.0261686,-0.0119075,-0.00655068,-3.14159
0.296427,0.128183,3.16669,0.0271642,-0.028771,-0.00224085,-3.14159
0.2845,0.122875,3.16173,-0.0118278,-0.00507083,-0.0049653,-3.14159
0.259941,0.106176,3.15808,-0.0242927,-0.0163011,-0.00364238,-3.14159
0.251222,0.0990846,3.15566,-0.00862258,-0.00697066,-0.00242236,-3.14159
0.246095,0.0951249,3.15251,-0.00508425,-0.00390441,-0.00315449,-3.14159
0.254296,0.0890532,3.14784,0.00823897,-0.00612337,-0.00466557,-3.14159
0.257149,0.0859234,3.1476,0.00287232,-0.0031471,-0.000238883,-3.14159
0.257147,0.0871201,3.14644,-8.20535e-06,0.00119679,-0.00115869,-3.14159
0.256222,0.09665,3.14328,-0.000940543,0.00953151,-0.00316653,-3.14159
0.269689,0.0958307,3.14234,0.0134673,-0.000829403,-0.000937597,-3.14159
0.269898,0.090839,3.14131,0.000208226,-0.00499161,-0.00102863,-3.14159
0.270959,0.0869548,3.13805,0.00104718,-0.00388052,-0.00325606,-3.14159
0.266655,0.0809789,3.13747,-0.00432947,-0.00599378,-0.000587087,-3.14159
0.255397,0.0854543,3.13519,-0.0112301,0.00440359,-0.00227793,-3.14159
0.257712,0.0803616,3.13202,0.00226734,-0.00507129,-0.00317131,-3.14159
0.257831,0.0781002,3.13003,9.22847e-05,-0.00226048,-0.00199279,-3.14159
0.256963,0.0707602,3.12876,-0.000961701,-0.00735289,-0.00126764,-3.14159
0.259416,0.0823184,3.12568,0.00263774,0.0116016,-0.00308152,-3.14159
0.259849,0.0750239,3.12456,0.000308848,-0.00729025,-0.00111552,-3.14159
0.262938,0.0721273,3.12244,0.00303479,-0.00283902,-0.00212029,-3.14159
0.271376,0.0634564,3.11914,0.00824959,-0.00848783,-0.00330566,-3.14159
0.273679,0.0593832,3.11846,0.00221114,-0.00402309,-0.000672994,-3.14159
0.273078,0.051585,3.1185,-0.000782139,-0.00781831,3.3818e-05,-3.14159
0.271261,0.0292392,3.12286,-0.00223723,-0.0223916,0.00436307,-3.14159
0.277482,0.0223987,3.12422,0.00610468,-0.00673546,0.00136062,-3.14159
0.279228,0.0081784,3.13058,0.00159006,-0.0142037,0.00636375,-3.14159
0.289989,-0.0112952,3.14595,0.0108466,-0.0195211,0.0153635,-3.14159
0.286147,-0.0277873,3.15813,-0.003571,-0.0164352,0.0121876,-3.14159
0.286377,-0.0333622,3.16129,0.000339513,-0.00558268,0.00315526,-3.14159
0.287047,-0.0492655,3.18579,0.001378,-0.0159798,0.0244979,-3.14159
0.284198,-0.0528511,3.19602,-0.00266587,-0.00344565,0.0102336,-3.14159
0.283951,-0.0664113,3.20704,0.000645586,-0.0136317,0.0110149,-3.14159
0.280711,-0.0830537,3.22961,-0.0017913,-0.016549,0.0225725,-3.14159
0.284576,-0.0869565,3.2462,0.00434541,-0.00438044,0.0165918,-3.14159
0.290515,-0.0853357,3.25678,0.00586869,0.000952577,0.0105801,-3.14159
0.30733,-0.0894779,3.2835,0.0179502,-0.0067487,0.0267192,-3.14159
0.319776,-0.0878208,3.29356,0.01263,-0.000257811,0.0100581,-3.14159
0.347514,-0.0816161,3.31856,0.0279452,0.0013056,0.0249977,-3.14159
0.356991,-0.0893219,3.32797,0.0115323,-0.0100163,0.0094165,-3.14159
0.359562,-0.102431,3.33623,0.00546758,-0.0144387,0.00826071,-3.14159
0.38169,-0.0942242,3.34444,0.0217889,0.00389665,0.00820874,-3.14159
0.395025,-0.103994,3.35518,0.016594,-0.0135961,0.0107408,-3.14159
0.412539,-0.112407,3.36982,0.0211261,-0.0135438,0.0146375,-3.14159
0.433117,-0.113093,3.37818,0.0226557,-0.00616875,0.00835887,-3.14159
0.434161,-0.124346,3.38152,0.00415752,-0.0126016,0.00334489,-3.14159
0.438051,-0.134621,3.38483,0.00707049,-0.0123412,0.00330234,-3.14159
0.429315,-0.167436,3.38891,-0.000496829,-0.0337197,0.00408563,-3.14159
0.399277,-0.221846,3.39493,-0.0176609,-0.0516307,0.00602147,-3.14159
0.393412,-0.240058,3.39605,-0.00125067,-0.0184927,0.0011184,-3.14159
0.365992,-0.274313,3.39682,-0.0204961,-0.0300543,0.000765671,-3.14159
0.352974,-0.292293,3.39647,-0.00923848,-0.0161735,-0.000346278,-3.14159
0.341817,-0.307752,3.39557,-0.00791388,-0.0139171,-0.000897775,-3.14159
0.333854,-0.311993,3.39214,-0.00759714,-0.00243307,-0.00343791,-3.14159
0.322515,-0.323701,3.38659,-0.00924872,-0.00975569,-0.0055411,-3.14159
0.319994,-0.326694,3.38338,-0.00195583,-0.00260055,-0.00321426,-3.14159
0.331461,-0.304158,3.37529,0.00665044,0.0215821,-0.00808647,-3.14159
0.336547,-0.296202,3.3718,0.00350015,0.00735184,-0.00349713,-3.14159
0.434288,-0.198051,3.36318,0.0816705,0.0822118,-0.00861871,-3.14159
0.43299,-0.199775,3.36177,-0.00098476,-0.00154636,-0.00141072,-3.14159
0.438706,-0.187979,3.3582,0.00335725,0.0113396,-0.00356838,-3.14159
0.438399,-0.173459,3.35257,-0.00366187,0.0156331,-0.00563301,-3.14159
0.471867,-0.133911,3.34999,0.0268613,0.0347428,-0.00257067,-3.14159
0.460924,-0.149072,3.34371,-0.00834974,-0.0137658,-0.00628192,-3.14159
0.461429,-0.141438,3.33854,-0.00108142,0.00800072,-0.00517402,-3.14159
0.448591,-0.154026,3.33081,-0.011021,-0.0107061,-0.00772788,-3.14159
0.444006,-0.157363,3.32953,-0.00417129,-0.00260368,-0.00128485,-3.14159
0.437497,-0.161891,3.32507,-0.00597154,-0.00349703,-0.00445991,-3.14159
0.437143,-0.157352,3.31653,-0.00121156,0.00482321,-0.00854052,-3.14159
0.435461,-0.161598,3.31307,-0.000991217,-0.00413685,-0.00345956,-3.14159
0.436232,-0.158123,3.3073,0.000198661,0.00348924,-0.00576249,-3.14159
0.444003,-0.140862,3.29924,0.00522162,0.0166476,-0.00806015,-3.14159
0.468686,-0.128829,3.29514,0.0236587,0.00851507,-0.004099,-3.14159
0.481907,-0.135453,3.2905,0.0147049,-0.00890376,-0.00464672,-3.14159
0.506898,-0.127158,3.28513,0.0245523,0.00483208,-0.00537126,-3.14159
0.552009,-0.127224,3.27989,0.0464557,-0.00653288,-0.00523413,-3.14159
0.572298,-0.127882,3.27828,0.0209677,-0.00354805,-0.00161134,-3.14159
0.610689,-0.130722,3.2791,0.0399177,-0.00839066,0.000823433,-3.14159
0.649502,-0.144247,3.28888,0.0421959,-0.0199329,0.00977421,-3.14159
0.654722,-0.152389,3.29147,0.0066747,-0.00924292,0.00258662,-3.14159
0.665519,-0.156248,3.29865,0.0118471,-0.00578328,0.00718437,-3.14159
0.686724,-0.163376,3.32138,0.0236507,-0.0115426,0.022734,-3.14159
0.672194,-0.202102,3.36474,-0.00620745,-0.0383028,0.0433593,-3.14159
0.672052,-0.202107,3.36475,-0.000152582,2.94565e-05,1.01775e-05,-3.14159
0.674638,-0.211704,3.37725,0.00533671,-0.0111506,0.0124921,-3.14159
0.678226,-0.205057,3.3887,0.0021056,0.00632437,0.0114499,-3.14159
0.674854,-0.196586,3.40036,-0.00624508,0.0104156,0.0116659,-3.14159
0.688335,-0.149831,3.42848,-0.000357414,0.0488528,0.0281167,-3.14159
0.690065,-0.143717,3.43743,-0.000154525,0.00643875,0.00895286,-3.14159
0.736715,-0.0290588,3.4958,0.00524842,0.120306,0.0583675,-3.14159
0.690131,-0.0764278,3.50769,-0.0356864,-0.0370494,0.0118932,-3.14159
0.690118,-0.0764883,3.5077,1.33333e-05,-6.98959e-05,4.67734e-06,-3.14159
0.675765,-0.0912244,3.50941,-0.0109176,-0.0115853,0.00171656,-3.14159
0.675631,-0.0913828,3.5094,-9.10168e-05,-0.000134582,-1.66361e-05,-3.14159
0.663867,-0.101475,3.51047,-0.00991116,-0.00698878,0.00107572,-3.14159
0.663856,-0.101615,3.51047,5.43754e-05,-0.000170604,2.45168e-06,-3.14159
0.661444,-0.104656,3.51146,-0.00155712,-0.00265804,0.000985457,-3.14159
0.661338,-0.104665,3.51146,-0.000128711,4.00531e-05,1.73217e-06,-3.14159
0.635304,-0.12609,3.51396,-0.02238,-0.0142597,0.00249684,-3.14159
0.634723,-0.126875,3.51436,-0.000346895,-0.000707101,0.000404257,-3.14159
0.624861,-0.128369,3.51763,-0.011809,0.00305595,0.00326352,-3.14159
0.618007,-0.116888,3.51982,-0.0145877,0.0181502,0.0021991,-3.14159
0.610982,-0.112244,3.52046,-0.0113503,0.00951744,0.000636256,-3.14159
0.608859,-0.0947429,3.51992,-0.0116039,0.0234451,-0.000544566,-3.14159
0.608574,-0.0814785,3.5194,-0.00708642,0.0170832,-0.000520841,-3.14159
0.613922,-0.06272,3.51875,-0.0026571,0.0212292,-0.000642897,-3.14159
0.609701,-0.0391495,3.51455,-0.017044,0.0319792,-0.00420447,-3.14159
0.587998,-0.0146335,3.5057,-0.0388699,0.0410492,-0.00885121,-3.14159
0.580362,-0.00587445,3.50252,-0.0136385,0.0145102,-0.0031792,-3.14159
0.572148,0.00363449,3.49878,-0.0145869,0.0155933,-0.00373976,-3.14159
0.567453,0.0156669,3.49515,-0.0112742,0.0169867,-0.00362434,-3.14159
0.56474,0.0360058,3.48948,-0.0123559,0.0261156,-0.00567821,-3.14159
0.586406,0.0957109,3.48684,0.000235567,0.0633644,-0.00263692,-3.14159
0.583365,0.14129,3.4776,-0.0228721,0.0562674,-0.00924083,-3.14159
0.574699,0.153331,3.474,-0.0154012,0.0180548,-0.003593,-3.14159
0.567642,0.169951,3.46865,-0.0151493,0.0226893,-0.00535777,-3.14159
0.569563,0.179843,3.46775,-0.00169836,0.0110173,-0.000892848,-3.14159
0.551544,0.200036,3.45966,-0.0291267,0.0308485,-0.00809449,-3.14159
0.539436,0.201066,3.45753,-0.0146593,0.00587604,-0.00212847,-3.14159
0.520923,0.230237,3.45176,-0.0326091,0.0410844,-0.00577536,-3.14159
0.511713,0.237084,3.45017,-0.0133092,0.0114288,-0.00159072,-3.14159
0.504513,0.249369,3.44752,-0.0129069,0.0169593,-0.00264819,-3.14159
0.503835,0.258238,3.44652,-0.00403805,0.010569,-0.000992858,-3.14159
0.477219,0.286633,3.44137,-0.0409567,0.0423798,-0.00515595,-3.14159
0.456073,0.296392,3.43865,-0.0278489,0.018731,-0.00271967,-3.14159
0.442287,0.308762,3.43567,-0.020169,0.0190333,-0.00298196,-3.14159
0.432815,0.330113,3.43439,-0.0182761,0.0278092,-0.0012813,-3.14159
0.427335,0.338253,3.43327,-0.009093,0.0112286,-0.00111563,-3.14159
0.423739,0.353841,3.43224,-0.00946739,0.019103,-0.00103311,-3.14159
0.409007,0.390766,3.42988,-0.0293698,0.0472234,-0.00236103,-3.14159
0.402133,0.39777,3.42905,-0.0102203,0.0103252,-0.000825957,-3.14159
0.397515,0.435221,3.43028,-0.018009,0.0444162,0.00123133,-3.14159
0.38197,0.442001,3.42996,-0.020079,0.013028,-0.00031742,-3.14159
0.374913,0.451423,3.43025,-0.0112736,0.0131765,0.000284325,-3.14159
0.381109,0.494086,3.43506,-0.00769936,0.0468954,0.00481149,-3.14159
0.384397,0.555585,3.44267,-0.0183184,0.0700831,0.00760736,-3.14159
0.361276,0.55793,3.44237,-0.0276277,0.0110253,-0.000293391,-3.14159
0.33308,0.587514,3.44374,-0.0434099,0.0445182,0.00136897,-3.14159
0.335301,0.611892,3.44542,-0.00630255,0.0275249,0.00168166,-3.14159
0.304293,0.628311,3.44494,-0.0419908,0.0303478,-0.000482728,-3.14159
0.301311,0.64698,3.44604,-0.0102897,0.0228014,0.00109561,-3.14159
0.289327,0.673405,3.4459,-0.0235871,0.0351059,-0.000136811,-3.14159
0.281018,0.679767,3.44562,-0.01198,0.010427,-0.000278355,-3.14159
0.258394,0.683875,3.4458,-0.0278051,0.0130347,0.000173403,-3.14159
0.255992,0.686544,3.44667,-0.0037735,0.00398591,0.000876904,-3.14159
0.25355,0.691871,3.4473,-0.00480246,0.00710245,0.000626338,-3.14159
0.260072,0.683427,3.44897,0.0107372,-0.0122682,0.00167086,-3.14159
0.237876,0.677032,3.45511,-0.0236386,0.000941094,0.00613615,-3.14159
0.243377,0.674495,3.45714,0.00745186,-0.00510086,0.00203172,-3.14159
0.265722,0.672547,3.46322,0.0272636,-0.0111373,0.00608102,-3.14159
0.268142,0.664776,3.46389,0.0059521,-0.0101813,0.000672152,-3.14159
0.285984,0.670463,3.46695,0.0189626,-0.000395019,0.00306368,-3.14159
0.308368,0.676512,3.47039,0.0242991,-0.00189825,0.00343727,-3.14159
0.317407,0.677685,3.47119,0.0103391,-0.00229761,0.000795252,-3.14159
0.318252,0.678208,3.47128,0.000797395,0.000279521,9.29607e-05,-3.14159
0.308706,0.673158,3.47259,-0.00936509,-0.00212064,0.00131249,-3.14159
0.298158,0.672122,3.47309,-0.0122275,0.00311293,0.000501613,-3.14159
0.288191,0.681136,3.47318,-0.0156821,0.0149326,8.59492e-05,-3.14159
0.277082,0.685806,3.47379,-0.0152729,0.0102089,0.000610485,-3.14159
0.284587,0.697412,3.47569,0.00418325,0.0108326,0.00190129,-3.14159
0.275912,0.698281,3.47596,-0.010807,0.00467482,0.000269887,-3.14159
0.284216,0.710408,3.4774,0.00491021,0.0111304,0.0014382,-3.14159
0.303396,0.743174,3.48268,0.00916507,0.0315163,0.00527803,-3.14159
0.309846,0.754573,3.48412,0.00290228,0.0110672,0.00144585,-3.14159
0.324512,0.777061,3.48741,0.00801766,0.0210144,0.00328329,-3.14159
0.341416,0.801716,3.49007,0.00973963,0.0226932,0.00266202,-3.14159
0.339531,0.806373,3.48996,-0.00438223,0.00654627,-0.000108322,-3.14159
0.336806,0.80883,3.48977,-0.00443234,0.00422263,-0.000185543,-3.14159
0.323073,0.815444,3.48811,-0.0197092,0.0141482,-0.00166573,-3.14159
0.330479,0.827171,3.48889,0.00386916,0.0110716,0.00078395,-3.14159
0.340462,0.841052,3.48905,0.00606627,0.0125658,0.000160753,-3.14159
0.344876,0.846795,3.48928,0.00285653,0.00507329,0.000231041,-3.14159
0.35224,0.855354,3.49013,0.00521386,0.00721236,0.000846963,-3.14159
0.360342,0.865406,3.49042,0.00545304,0.00871279,0.000291948,-3.14159
0.369718,0.87487,3.49065,0.00727488,0.00742359,0.000222942,-3.14159
0.399252,0.912252,3.4916,0.0195142,0.0326707,0.000956401,-3.14159
0.4158,0.938378,3.49101,0.00862603,0.0246636,-0.000589386,-3.14159
0.454716,0.975529,3.49433,0.0311122,0.0281351,0.00331563,-3.14159
0.490339,1.00767,3.49748,0.0293067,0.0233978,0.00315486,-3.14159
0.520543,1.03792,3.49901,0.0234552,0.0235258,0.00152815,-3.14159
0.544399,1.05712,3.50109,0.0206995,0.0127335,0.00207733,-3.14159
0.563625,1.07688,3.50274,0.0146647,0.0155873,0.00165325,-3.14159
0.59333,1.1043,3.505,0.0241109,0.0201683,0.00225279,-3.14159
0.629631,1.13671,3.50636,0.0299856,0.0232345,0.00136305,-3.14159
0.69316,1.19474,3.50754,0.0518262,0.042293,0.00118159,-3.14159
0.696227,1.19634,3.50707,0.00308004,0.000533033,-0.000465633,-3.14159
0.691327,1.19992,3.50486,-0.00783014,0.00680846,-0.00221501,-3.14159
0.681434,1.19576,3.5037,-0.0103836,-0.000517133,-0.00115713,-3.14159
0.670048,1.19257,3.50208,-0.0126828,0.00136628,-0.00161813,-3.14159
0.65559,1.18526,3.49768,-0.0145389,-0.00238429,-0.00439943,-3.14159
0.645784,1.18122,3.49371,-0.0102462,-0.000546487,-0.00397383,-3.14159
0.637354,1.17559,3.49127,-0.00782824,-0.0031383,-0.00244082,-3.14159
0.621576,1.16149,3.49025,-0.0130593,-0.0102575,-0.00101906,-3.14159
0.602972,1.15197,3.4872,-0.0185353,-0.00344053,-0.0030551,-3.14159
0.598163,1.14718,3.48263,-0.00377449,-0.00374088,-0.00456559,-3.14159
0.586475,1.13979,3.48055,-0.010998,-0.00395828,-0.0020764,-3.14159
0.55351,1.10985,3.48022,-0.0271354,-0.0221868,-0.000332287,-3.14159
0.551734,1.10878,3.47907,-0.00169327,-0.000539178,-0.00115184,-3.14159
0.547711,1.1157,3.4719,-0.00766364,0.00994684,-0.00717477,-3.14159
0.534016,1.10693,3.47018,-0.0127951,-0.0049096,-0.00171385,-3.14159
0.51957,1.09988,3.4661,-0.0143641,-0.0026084,-0.0040811,-3.14159
0.524727,1.10657,3.46319,0.00347126,0.0058987,-0.00291365,-3.14159
0.520747,1.10507,3.46097,-0.0041191,-0.000221807,-0.00221537,-3.14159
0.519918,1.10444,3.45905,-0.000733997,-0.000421087,-0.00192581,-3.14159
0.51656,1.11349,3.45096,-0.00730945,0.0118384,-0.00808366,-3.14159
0.523856,1.12224,3.44743,0.00528033,0.00750891,-0.00353568,-3.14159
0.531053,1.13294,3.4403,0.00450899,0.00981142,-0.00712226,-3.14159
0.542422,1.14224,3.43567,0.00983793,0.00673994,-0.00462927,-3.14159
0.544662,1.14385,3.43326,0.00201774,0.00106767,-0.00241615,-3.14159
0.545724,1.13839,3.43206,0.00308593,-0.00661477,-0.00120001,-3.14159
0.555085,1.14018,3.43501,0.0101394,-0.00119341,0.00294856,-3.14159
0.473652,1.05774,3.44493,-0.0646197,-0.0661639,0.00991815,-3.14159
0.377985,0.974256,3.44811,-0.0807165,-0.0620172,0.0031831,-3.14159
0.397433,0.986547,3.45616,0.0181698,0.00701398,0.00804919,-3.14159
0.326818,0.93832,3.45836,-0.0646196,-0.0295694,0.00219934,-3.14159
0.300554,0.928297,3.46402,-0.0271955,-0.0014825,0.00566442,-3.14159
0.257066,0.931015,3.47505,-0.0534301,0.0213845,0.0110271,-3.14159
0.224578,0.955981,3.48929,-0.0508608,0.0449878,0.0142455,-3.14159
0.150783,0.944612,3.49475,-0.0858472,0.019528,0.00545955,-3.14159
0.122258,0.942985,3.49876,-0.0346192,0.0111824,0.00400527,-3.14159
0.100875,0.953478,3.50321,-0.0316299,0.0231828,0.00444699,-3.14159
0.0647137,0.958263,3.50632,-0.047603,0.023297,0.00311894,-3.14159
-0.0390997,0.943202,3.5145,-0.124148,0.0323955,0.00817575,-3.14159
-0.110841,0.953852,3.52285,-0.09757,0.0505868,0.00834823,-3.14159
-0.162736,0.953566,3.52429,-0.0666109,0.0265056,0.00144307,-3.14159
-0.205176,0.946967,3.52656,-0.0513343,0.0136793,0.00226438,-3.14159
-0.258512,0.941497,3.52953,-0.0662691,0.0211716,0.00296938,-3.14159
-0.285134,0.941513,3.53005,-0.0345606,0.0141611,0.000528225,-3.14159
-0.433158,0.926609,3.53525,-0.185597,0.0609462,0.00519447,-3.14159
-0.457933,0.922676,3.53569,-0.0303011,0.00834208,0.000443617,-3.14159
-0.522581,0.906994,3.53807,-0.0763475,0.0149613,0.00237716,-3.14159
-0.579946,0.933144,3.54086,-0.0903165,0.0664892,0.00279142,-3.14159
-0.652678,0.910928,3.54381,-0.0839648,0.0115771,0.00295104,-3.14159
-0.707356,0.893069,3.54541,-0.0625893,0.00732301,0.00159548,-3.14159
-0.809534,0.878953,3.54736,-0.128285,0.0397485,0.00194944,-3.14159
-0.926129,0.830458,3.55271,-0.128564,0.00314528,0.00535411,-3.14159
-0.978316,0.806362,3.55337,-0.0561793,-0.00175773,0.000662028,-3.14159
-1.0111,0.80175,3.55504,-0.0415984,0.0132149,0.00166965,-3.14159
-1.04868,0.797215,3.55654,-0.0482417,0.0162968,0.00150193,-3.14159
-1.15318,0.775308,3.56072,-0.129404,0.0336696,0.00417432,-3.14159
-1.49983,0.640486,3.55758,-0.389957,0.024879,-0.00313774,-3.14159
-1.49982,0.64051,3.55758,-4.00643e-06,2.78682e-05,3.14099e-06,-3.14159
-1.49979,0.640542,3.55759,2.19752e-05,2.48887e-05,4.635e-06,-3.14159
-1.54842,0.640977,3.55505,-0.0660198,0.0294413,-0.00253539,-3.14159
-1.57651,0.642842,3.55399,-0.0390187,0.0191055,-0.00106454,-3.14159
-1.68834,0.624259,3.54901,-0.138954,0.0397279,-0.00498222,-3.14159
-1.73152,0.625739,3.54605,-0.0583431,0.0265831,-0.00295955,-3.14159
-1.72155,0.635689,3.54714,0.00760793,0.00756232,0.00109845,-3.14159
-1.7525,0.641539,3.54556,-0.0445138,0.0253911,-0.00158136,-3.14159
-1.79548,0.681253,3.54269,-0.0792394,0.0767418,-0.00287852,-3.14159
-1.76785,0.727183,3.54888,0.0104618,0.0455085,0.00619194,-3.14159
-1.83882,0.721092,3.54544,-0.0909614,0.0322474,-0.00343197,-3.14159
-1.87713,0.638998,3.55806,-0.00270852,-0.0885684,0.0126111,-3.14159
-1.85235,0.689863,3.56517,0.00253687,0.0546515,0.00711019,-3.14159
-1.83429,0.73034,3.57102,-0.000658925,0.0448207,0.00585306,-3.14159
-1.78596,0.835262,3.58624,-0.00237305,0.117354,0.0152164,-3.14159
-1.83201,0.75729,3.59842,-0.0113563,-0.0813002,0.0121875,-3.14159
-1.78188,0.838114,3.61033,0.0138696,0.0835734,0.0119073,-3.14159
-1.82472,0.819157,3.60889,-0.0500006,0.00399518,-0.00144064,-3.14159
-1.86181,0.808259,3.60697,-0.0473032,0.0115583,-0.00192243,-3.14159
-1.88756,0.802989,3.60691,-0.0345704,0.0114609,-5.68301e-05,-3.14159
-1.82713,0.895363,3.6161,0.019827,0.0936632,0.00918983,-3.14159
-1.83649,0.898613,3.6158,-0.0168355,0.0122945,-0.000299771,-3.14159
-1.75288,1.01644,3.63231,0.032777,0.116074,0.0165115,-3.14159
-1.78062,1.00605,3.63097,-0.0351273,0.00694014,-0.00134725,-3.14159
-1.78553,1.0217,3.63039,-0.0208902,0.0288322,-0.000574432,-3.14159
-1.81088,1.00882,3.62935,-0.0291709,0.000894445,-0.00104424,-3.14159
-1.88609,0.971297,3.62607,-0.0867,0.00323259,-0.00327942,-3.14159
-1.91987,0.952389,3.62434,-0.0371461,-0.00187875,-0.00173029,-3.14159
-1.98866,0.92104,3.6185,-0.0807624,0.00644331,-0.0058345,-3.14159
-2.01947,0.902569,3.61631,-0.0325722,-0.00402872,-0.00219144,-3.14159
-2.07409,0.871554,3.61232,-0.0587943,-0.00488068,-0.00398807,-3.14159
-2.11243,0.84784,3.60922,-0.0396458,-0.00654564,-0.00310694,-3.14159
-2.15414,0.821979,3.6063,-0.0429485,-0.00739708,-0.00291559,-3.14159
-2.17793,0.806428,3.60401,-0.0238559,-0.0054845,-0.00229156,-3.14159
-2.22699,0.776369,3.60023,-0.0504583,-0.00861043,-0.00377695,-3.14159
-2.25029,0.760587,3.59795,-0.0228256,-0.00637561,-0.00228236,-3.14159
-2.31429,0.721238,3.595,-0.0653946,-0.0119068,-0.00295025,-3.14159
-2.455,0.628217,3.58785,-0.138302,-0.0369497,-0.00715159,-3.14159
-2.47152,0.613679,3.58609,-0.0137501,-0.00955348,-0.00175894,-3.14159
-2.48721,0.603221,3.58472,-0.0153334,-0.00429898,-0.00136405,-3.14159
-2.50905,0.588414,3.58343,-0.0211392,-0.006381,-0.00129729,-3.14159
-2.54418,0.565584,3.58003,-0.0345771,-0.00900245,-0.00339504,-3.14159
-2.55381,0.558936,3.57931,-0.00921952,-0.00302529,-0.000724361,-3.14159
-2.57706,0.547139,3.57705,-0.0249925,-0.00138315,-0.00226197,-3.14159
-2.62081,0.523399,3.57324,-0.0458606,-0.00501355,-0.00380323,-3.14159
-2.67489,0.494322,3.56826,-0.056582,-0.00621859,-0.00497772,-3.14159
-2.69973,0.476643,3.56414,-0.0232187,-0.00894406,-0.0041262,-3.14159
-2.70933,0.477508,3.56135,-0.0136547,0.00704159,-0.00279117,-3.14159
-2.77214,0.437183,3.55342,-0.0609478,-0.0173822,-0.00792884,-3.14159
-2.77213,0.437135,3.55341,4.12318e-05,-7.07124e-05,-6.43667e-06,-3.14159
-2.78727,0.439728,3.55037,-0.0218063,0.0122726,-0.0030465,-3.14159
-2.82066,0.40845,3.55154,-0.0266142,-0.0225381,0.00117731,-3.14159
-2.849,0.393617,3.55002,-0.0293979,-0.00344054,-0.0015223,-3.14159
-2.86908,0.38906,3.54852,-0.0242168,0.00547544,-0.00149709,-3.14159
-2.89513,0.369766,3.54743,-0.0237143,-0.0108108,-0.00109726,-3.14159
-2.92831,0.347795,3.54523,-0.0316485,-0.0103737,-0.00219463,-3.14159
-2.96059,0.332998,3.54263,-0.0344295,-0.00147344,-0.00259863,-3.14159
-2.99003,0.324213,3.53813,-0.0338696,0.00465775,-0.00450604,-3.14159
-3.01959,0.307936,3.5356,-0.0298471,-0.00521955,-0.00253166,-3.14159
-3.01146,0.320375,3.53374,0.00390108,0.011848,-0.00185782,-3.14159
-3.07859,0.261286,3.53,-0.0557434,-0.0410351,-0.00373677,-3.14159
-3.07414,0.26143,3.52844,0.00568552,-0.00215996,-0.00156558,-3.14159
-3.05281,0.282527,3.52102,0.0165334,0.0161196,-0.00741505,-3.14159
-3.05604,0.279413,3.516,-0.00254981,-0.00234397,-0.00502428,-3.14159
-3.04863,0.277283,3.51291,0.0104236,-0.00634455,-0.003084,-3.14159
-3.04945,0.276185,3.51157,-0.000491142,-0.000987002,-0.00133958,-3.14159
-3.06263,0.273629,3.50956,-0.0153539,0.00317942,-0.0020097,-3.14159
-3.03891,0.317793,3.50938,0.00843482,0.0440792,-0.000178184,-3.14159
-3.04947,0.310717,3.50564,-0.00985215,-0.00381854,-0.00374605,-3.14159
-3.07039,0.29695,3.50285,-0.0196007,-0.0073108,-0.00278865,-3.14159
-3.09133,0.284309,3.50113,-0.0201331,-0.00593733,-0.00172364,-3.14159
-3.12954,0.258605,3.49834,-0.0354855,-0.0142053,-0.00279102,-3.14159
-3.1435,0.306329,3.50069,-0.0396239,0.0658486,0.00235965,-3.14159
-3.18226,0.352373,3.50235,-0.0699551,0.0756041,0.00165984,-3.14159
-3.21521,0.347989,3.50237,-0.0389986,0.010028,1.08324e-05,-3.14159
-3.23261,0.357024,3.50185,-0.025904,0.0194132,-0.000517699,-3.14159
-3.25439,0.417353,3.50463,-0.0558748,0.0857601,0.00278033,-3.14159
-3.31246,0.43195,3.50451,-0.079518,0.0458096,-0.000122029,-3.14159
-3.32303,0.448194,3.50398,-0.0208861,0.0252903,-0.000529681,-3.14159
-3.37073,0.425522,3.50218,-0.048782,-0.00583554,-0.00179884,-3.14159
-3.38196,0.438365,3.50259,-0.020042,0.0212945,0.000413673,-3.14159
-3.40692,0.422664,3.50135,-0.0237157,-0.0078553,-0.00124418,-3.14159
-3.42434,0.43593,3.50118,-0.0278799,0.0246535,-0.000165142,-3.14159
-3.4635,0.441708,3.5005,-0.051365,0.0254413,-0.000678884,-3.14159
-3.4689,0.46149,3.49952,-0.0158884,0.0270641,-0.000984914,-3.14159
-3.4868,0.455355,3.49825,-0.0193533,0.000663527,-0.00126402,-3.14159
-3.50241,0.447691,3.49729,-0.0157911,-0.00230956,-0.000959227,-3.14159
-3.50198,0.447135,3.49679,0.000785239,-0.000883738,-0.000508,-3.14159
-3.50933,0.441875,3.49668,-0.00667875,-0.00313326,-0.000104796,-3.14159
-3.54709,0.43312,3.49667,-0.0426735,0.00648472,-8.2458e-06,-3.14159
-3.5609,0.419145,3.49662,-0.0106668,-0.0109492,-5.6668e-05,-3.14159
-3.59839,0.40852,3.49685,-0.0414974,0.00406233,0.000229323,-3.14159
-3.61131,0.426693,3.49811,-0.0243946,0.0284775,0.00126413,-3.14159
-3.62891,0.427658,3.49987,-0.0223117,0.00938541,0.00176287,-3.14159
-3.644,0.42517,3.50182,-0.0176226,0.00397935,0.00195014,-3.14159
-3.62512,0.531197,3.49315,-0.0246206,0.121964,-0.00867584,-3.14159
-3.64688,0.541357,3.49756,-0.0316176,0.0225953,0.00441087,-3.14159
-3.70214,0.511013,3.50223,-0.0545927,-0.0118417,0.00467204,-3.14159
-3.7136,0.525476,3.50468,-0.0211959,0.0235244,0.00245165,-3.14159
-3.68749,0.538354,3.50691,0.0265651,0.00362733,0.00223151,-3.14159
-3.64574,0.546156,3.50912,0.0487448,-0.010407,0.00220831,-3.14159
-3.62232,0.679328,3.49724,-0.0322292,0.154033,-0.011884,-3.14159
-3.62456,0.756438,3.49145,-0.0373018,0.0956925,-0.00578345,-3.14159
-3.6283,0.801042,3.48959,-0.0244,0.0563002,-0.00186307,-3.14159
-3.58647,0.825633,3.49358,0.0403839,0.0113645,0.00398655,-3.14159
-3.58589,0.857197,3.49142,-0.0134251,0.0384973,-0.00215923,-3.14159
-3.6112,0.880182,3.48972,-0.0412288,0.0394134,-0.00170072,-3.14159
-3.62079,0.929363,3.48914,-0.0335448,0.0644603,-0.000576207,-3.14159
-3.58208,0.966545,3.4991,0.0307819,0.0281925,0.00995485,-3.14159
-3.5923,0.959613,3.50029,-0.00946463,-0.00385378,0.00118995,-3.14159
-3.60824,0.960622,3.50155,-0.0203136,0.00872281,0.00126364,-3.14159
-3.59572,0.959633,3.50336,0.0160869,-0.00714568,0.00180787,-3.14159
-3.57509,1.00268,3.50966,0.00507054,0.0441869,0.00630302,-3.14159
-3.52485,1.06043,3.51815,0.0349398,0.0482827,0.00849097,-3.14159
-3.4907,1.05982,3.51917,0.0439014,-0.0180672,0.00102169,-3.14159
-3.50765,1.05385,3.5194,-0.0186224,0.000962088,0.000223715,-3.14159
-3.54287,1.04169,3.51697,-0.0387203,0.00219036,-0.0024304,-3.14159
-3.56856,1.01977,3.51843,-0.0216973,-0.0149863,0.00146162,-3.14159
-3.59198,1.00905,3.51609,-0.0243987,-0.00193467,-0.00233407,-3.14159
-3.64495,0.94196,3.51887,-0.0336725,-0.0588172,0.00277767,-3.14159
-3.60733,0.977759,3.51869,0.0299042,0.0266613,-0.00018734,-3.14159
-3.58605,0.991128,3.5166,0.020375,0.00634707,-0.00208809,-3.14159
-3.58558,0.996211,3.51533,-0.00193365,0.00621827,-0.00126944,-3.14159
-3.60242,0.993777,3.51104,-0.0200541,0.00515492,-0.00428775,-3.14159
-3.60243,0.993731,3.51103,6.93361e-06,-5.19635e-05,-8.85991e-06,-3.14159
-3.61995,0.98349,3.50874,-0.0170831,-0.00440214,-0.00229369,-3.14159
-3.62481,0.985399,3.50519,-0.00698059,0.00469838,-0.00354958,-3.14159
-3.65765,0.968539,3.50493,-0.0330589,-0.00546844,-0.000262349,-3.14159
-3.67755,0.958454,3.49931,-0.0200231,-0.00328086,-0.00561343,-3.14159
-3.6739,0.960029,3.49735,0.00380358,0.00026631,-0.00196475,-3.14159
-3.68212,0.947285,3.49421,-0.00435511,-0.0119762,-0.00314074,-3.14159
-3.68585,0.937187,3.49073,-6.70343e-05,-0.0107225,-0.00347267,-3.14159
-3.6912,0.93643,3.48869,-0.00620665,0.00144006,-0.00204494,-3.14159
-3.69088,0.963426,3.48591,-0.0114183,0.0327743,-0.00277965,-3.14159
-3.72412,0.989351,3.48164,-0.0514184,0.0456909,-0.00426803,-3.14159
-3.73492,0.976383,3.47904,-0.00756364,-0.0110888,-0.00259851,-3.14159
-3.74894,1.01716,3.47354,-0.0336961,0.0547459,-0.00550128,-3.14159
-3.75306,1.02976,3.47116,-0.0100861,0.0167641,-0.00237815,-3.14159
-3.76812,1.05978,3.46726,-0.0300273,0.0418299,-0.00390421,-3.14159
-3.7703,1.05431,3.46585,-0.000399013,-0.0056409,-0.00141348,-3.14159
-3.78166,1.06947,3.46109,-0.0193729,0.0223754,-0.00475538,-3.14159
-3.77557,1.08493,3.45927,0.00118591,0.0158893,-0.00182218,-3.14159
-3.79634,1.08082,3.45635,-0.0228515,0.00311727,-0.00291732,-3.14159
-3.80746,1.09056,3.45425,-0.0167512,0.0156528,-0.00209844,-3.14159
-3.81924,1.08555,3.45301,-0.0119116,-0.0014339,-0.00124284,-3.14159
-3.82898,1.08678,3.4516,-0.0118578,0.00509671,-0.00141194,-3.14159
-3.84934,1.09922,3.44782,-0.0283128,0.0219979,-0.00377304,-3.14159
-3.84991,1.11622,3.44427,-0.00682318,0.0199429,-0.00355424,-3.14159
-3.85736,1.1272,3.43819,-0.012458,0.0152855,-0.00607899,-3.14159
-3.86269,1.12706,3.43615,-0.00608884,0.00169975,-0.00203695,-3.14159
-3.86978,1.12679,3.43417,-0.00804916,0.00214261,-0.00198049,-3.14159
-3.85368,1.12751,3.4281,0.0181373,-0.00459276,-0.0060777,-3.14159
-3.83588,1.14167,3.42308,0.0155725,0.0102339,-0.00501298,-3.14159
-3.8146,1.14034,3.42116,0.0245573,-0.00842781,-0.00191921,-3.14159
-3.76364,1.1501,3.41873,0.0545077,-0.00536289,-0.00243662,-3.14159
-3.7293,1.15871,3.41654,0.0360198,-0.00121656,-0.00218906,-3.14159
-3.70733,1.16824,3.41537,0.0217565,0.00379659,-0.00116568,-3.14159
-3.69053,1.16932,3.41405,0.0185817,-0.00407857,-0.00132075,-3.14159
-3.66109,1.16723,3.41163,0.0337345,-0.0114986,-0.00241928,-3.14159
-3.64681,1.18368,3.40791,0.0109586,0.0140626,-0.0037271,-3.14159
-3.64977,1.20057,3.40443,-0.00837401,0.0197348,-0.0034763,-3.14159
-3.66205,1.20776,3.40639,-0.0159139,0.0117716,0.00196004,-3.14159
-3.66964,1.20466,3.40574,-0.00754102,-0.00117425,-0.00064867,-3.14159
-3.6618,1.20398,3.40554,0.00896674,-0.0031272,-0.000198274,-3.14159
-3.69062,1.18693,3.40667,-0.027059,-0.0103268,0.00113172,-3.14159
-3.70783,1.18678,3.40716,-0.0192184,0.00507676,0.000482595,-3.14159
-3.73933,1.17758,3.40902,-0.0324868,-0.000640053,0.0018642,-3.14159
-3.76497,1.17066,3.40987,-0.026631,0.000144423,0.000847784,-3.14159
-3.75723,1.16217,3.41015,0.0113031,-0.0119125,0.000283876,-3.14159
-3.77864,1.15353,3.41022,-0.0213558,-0.00308501,6.52412e-05,-3.14159
-3.81857,1.14108,3.40965,-0.0409566,-0.0016619,-0.000562564,-3.14159
-3.84521,1.18926,3.41054,-0.0448049,0.0623299,0.000889729,-3.14159
-3.87837,1.17339,3.41153,-0.0323249,-0.00752359,0.000982641,-3.14159
-3.89202,1.16834,3.41211,-0.013769,-0.00142886,0.000585413,-3.14159
-3.91545,1.1655,3.4139,-0.0254981,0.00418049,0.0017833,-3.14159
-3.92959,1.16104,3.41462,-0.014522,-0.000564339,0.000726825,-3.14159
-3.99901,1.25213,3.43659,-0.111809,0.129171,0.0219716,-3.14159
-3.99905,1.25209,3.43659,-2.43664e-05,-3.59877e-05,-3.35095e-06,-3.14159
-3.99906,1.25206,3.43659,-6.88419e-06,-2.88511e-05,4.23499e-07,-3.14159
-4.02891,1.23396,3.43858,-0.0280471,-0.010345,0.00198985,-3.14159
-4.05518,1.22084,3.44172,-0.0257219,-0.00576837,0.00313708,-3.14159
-4.05249,1.22506,3.44302,0.0015996,0.00392098,0.00129904,-3.14159
-4.0924,1.21188,3.44822,-0.0416542,-0.000637023,0.00520659,-3.14159
-4.09595,1.218,3.45015,-0.00643352,0.00847587,0.00192816,-3.14159
-4.1142,1.27921,3.44732,-0.0437566,0.0779923,-0.00282975,-3.14159
-4.1423,1.25742,3.45297,-0.024711,-0.0149337,0.00565195,-3.14159
-4.16304,1.25354,3.45321,-0.0228452,0.00328466,0.000238449,-3.14159
-4.19202,1.255,3.45485,-0.034582,0.0127337,0.00163852,-3.14159
-4.20507,1.26071,3.45586,-0.0175294,0.0116981,0.00101197,-3.14159
-4.20673,1.26264,3.45815,-0.00270792,0.00292592,0.0022882,-3.14159
-4.23701,1.26275,3.45938,-0.0357815,0.0118792,0.00122727,-3.14159
-4.26465,1.23975,3.46226,-0.0236925,-0.0163691,0.00288062,-3.14159
-4.25492,1.23885,3.46238,0.0118817,-0.00488985,0.000123139,-3.14159
-4.25466,1.2258,3.46137,0.00541645,-0.0155399,-0.00101706,-3.14159
-4.2266,1.24544,3.46183,0.0255085,0.0122295,0.000460624,-3.14159
-4.21956,1.24834,3.46158,0.00719687,0.000671363,-0.000244105,-3.14159
-4.20103,1.24307,3.4598,0.0239397,-0.0134404,-0.00177805,-3.14159
-4.19313,1.24238,3.45892,0.00958296,-0.00387196,-0.000887666,-3.14159
-4.18324,1.23702,3.45684,0.0136932,-0.0100996,-0.00207804,-3.14159
-4.17656,1.22107,3.4532,0.0138536,-0.0212177,-0.00363357,-3.14159
-4.17543,1.21509,3.45116,0.00356168,-0.0074197,-0.00204336,-3.14159
-4.17274,1.20798,3.44952,0.00578838,-0.00930709,-0.00164255,-3.14159
-4.20156,1.20773,3.44259,-0.0333092,0.0100794,-0.00693133,-3.14159
-4.20639,1.19708,3.4405,-0.00179566,-0.0105834,-0.00208721,-3.14159
-4.20447,1.188,3.43807,0.00541788,-0.0111568,-0.00242704,-3.14159
-4.24779,1.1626,3.43511,-0.0409792,-0.0141406,-0.00296763,-3.14159
-4.25973,1.16415,3.4312,-0.014207,0.00585039,-0.00390175,-3.14159
-4.26321,1.17264,3.42868,-0.00682746,0.01086,-0.00252876,-3.14159
-4.26794,1.17647,3.42512,-0.00666383,0.0059358,-0.00355728,-3.14159
-4.27257,1.18482,3.42109,-0.0079585,0.0109652,-0.0040301,-3.14159
-4.27769,1.1868,3.41971,-0.00644536,0.00390056,-0.00137765,-3.14159
-4.28132,1.1765,3.41508,-0.000827607,-0.0104607,-0.00463015,-3.14159
-4.29798,1.16758,3.41462,-0.0159572,-0.00479918,-0.000464772,-3.14159
-4.30081,1.1695,3.41275,-0.00379296,0.00305309,-0.00186928,-3.14159
-4.31437,1.15715,3.40967,-0.0114021,-0.00968094,-0.00307957,-3.14159
-4.33455,1.1478,3.40895,-0.0197439,-0.00428234,-0.000712349,-3.14159
-4.34669,1.14266,3.40794,-0.0120257,-0.00204453,-0.00101284,-3.14159
-4.35537,1.14043,3.40283,-0.00902039,0.000101003,-0.00510832,-3.14159
-4.36884,1.13063,3.40225,-0.0120936,-0.00691332,-0.000581338,-3.14159
-4.37831,1.12485,3.40171,-0.00883461,-0.00362936,-0.000538174,-3.14159
-4.38888,1.11619,3.40169,-0.00920307,-0.00652156,-2.53619e-05,-3.14159
-4.40087,1.1157,3.40151,-0.0131993,0.00300234,-0.000175785,-3.14159
-4.4058,1.11305,3.40122,-0.00471031,-0.00148145,-0.000294412,-3.14159
-4.4188,1.10045,3.40216,-0.0107395,-0.0101833,0.000939861,-3.14159
-4.43125,1.08875,3.40284,-0.0103959,-0.00933191,0.000680118,-3.14159
-4.4402,1.08507,3.40312,-0.00888069,-0.00143191,0.000284091,-3.14159
-4.44932,1.08639,3.40161,-0.0105489,0.00417005,-0.0015159,-3.14159
-4.4663,1.07948,3.40121,-0.0168493,-0.00267512,-0.000400175,-3.14159
-4.47544,1.08605,3.3975,-0.0120558,0.00994554,-0.00370683,-3.14159
-4.44495,1.09052,3.39511,0.0324862,-0.00379887,-0.00238809,-3.14159
-4.426,1.10825,3.39401,0.0158991,0.0142152,-0.00109666,-3.14159
-4.42001,1.12229,3.38678,0.0027295,0.0137922,-0.00723425,-3.14159
-4.3724,1.13568,3.38309,0.0485848,0.00181671,-0.00368672,-3.14159
-4.46002,1.06168,3.39021,-0.0759105,-0.0570698,0.0071172,-3.14159
-4.43504,1.06381,3.38638,0.0268731,-0.00451919,-0.00383184,-3.14159
-4.51975,0.740589,3.38263,-0.00576635,-0.331427,-0.00374808,-3.14159
-4.55926,0.724708,3.37535,-0.0389366,-0.00705324,-0.00727924,-3.14159
-4.58333,0.721805,3.37372,-0.0254422,0.00303094,-0.00163072,-3.14159
-4.59922,0.723652,3.37052,-0.0177204,0.00602529,-0.00320286,-3.14159
-4.60998,0.714082,3.36895,-0.00926927,-0.0076777,-0.0015661,-3.14159
-4.62498,0.701082,3.36669,-0.0130164,-0.010356,-0.0022574,-3.14159
-4.64289,0.688982,3.36366,-0.0164012,-0.00870115,-0.00303756,-3.14159
-4.65948,0.69082,3.36273,-0.0183477,0.00600857,-0.000928734,-3.14159
-4.67252,0.689712,3.36116,-0.0137979,0.00194374,-0.00156568,-3.14159
-4.70258,0.681822,3.35836,-0.0304825,-0.00136621,-0.00280615,-3.14159
-4.72294,0.678313,3.35664,-0.0210619,0.00100825,-0.00172083,-3.14159
-4.72821,0.676707,3.35638,-0.00527999,-0.00049184,-0.00025476,-3.14159
-4.75827,0.676475,3.35351,-0.0321838,0.00668685,-0.00287165,-3.14159
-4.77415,0.674958,3.35117,-0.0166591,0.00199286,-0.00233575,-3.14159
-4.78369,0.674281,3.34961,-0.0100607,0.00143125,-0.00156537,-3.14159
-4.80761,0.669057,3.3465,-0.0243666,-0.000271249,-0.00310859,-3.14159
-4.81514,0.671778,3.34578,-0.00863786,0.00456695,-0.000719367,-3.14159
-4.83913,0.661139,3.34527,-0.023243,-0.00606278,-0.000506282,-3.14159
-4.86931,0.656394,3.34402,-0.031132,0.0015461,-0.00125291,-3.14159
-4.88536,0.653481,3.34357,-0.0164646,0.000397907,-0.000446751,-3.14159
-4.90399,0.65752,3.34419,-0.0207417,0.00838364,0.000618381,-3.14159
-4.91083,0.642625,3.34752,-0.00397489,-0.0143863,0.00333153,-3.14159
-4.9279,0.636443,3.34759,-0.0168603,-0.00279183,6.87797e-05,-3.14159
-4.90288,0.634854,3.3492,0.0271191,-0.00733662,0.00160641,-3.14159
-4.93849,0.6249,3.35089,-0.0358611,-0.00255923,0.00168823,-3.14159
-4.91837,0.641101,3.34973,0.0178583,0.0127869,-0.00115258,-3.14159
-4.93125,0.640864,3.35169,-0.0137397,0.00268786,0.00195676,-3.14159
-4.94167,0.639605,3.35316,-0.0108876,0.00105095,0.00147339,-3.14159
-4.94834,0.635571,3.3535,-0.0062172,-0.00278887,0.000330541,-3.14159
-4.94737,0.637672,3.35484,0.000551294,0.00203048,0.00134933,-3.14159
-4.95314,0.627684,3.35613,-0.00385857,-0.00938158,0.00128786,-3.14159
-4.97088,0.627827,3.35679,-0.019106,0.0043225,0.000660619,-3.14159
-4.98894,0.620428,3.35816,-0.0176883,-0.00368388,0.00136842,-3.14159
-5.02452,0.611125,3.35993,-0.0361086,-0.00151762,0.00176989,-3.14159
-5.01449,0.607965,3.36019,0.011567,-0.0058074,0.000262762,-3.14159
-5.00215,0.603884,3.36104,0.0142897,-0.00736795,0.000849163,-3.14159
-5.00029,0.600983,3.36105,0.00270013,-0.00357416,9.36489e-06,-3.14159
-4.98448,0.587472,3.36176,0.0203171,-0.018393,0.000706893,-3.14159
-4.97871,0.585125,3.36273,0.00679773,-0.00393318,0.000972034,-3.14159
-4.95134,0.584582,3.36683,0.0297775,-0.00737975,0.00409597,-3.14159
-4.94957,0.575914,3.36835,0.00407913,-0.00983733,0.00152211,-3.14159
-4.94472,0.576616,3.36917,0.00508782,-0.000457655,0.000823372,-3.14159
-4.92936,0.574503,3.37151,0.0172283,-0.00620229,0.00233897,-3.14159
-4.90363,0.566304,3.37431,0.030131,-0.0155682,0.00280022,-3.14159
-4.89437,0.562376,3.37567,0.0111128,-0.00668732,0.00136059,-3.14159
-4.9143,0.566674,3.37832,-0.0229026,0.00994622,0.00265002,-3.14159
-4.93395,0.555125,3.3805,-0.0184207,-0.00739954,0.00217225,-3.14159
-4.95335,0.545396,3.38286,-0.018643,-0.00543231,0.00236937,-3.14159
-4.96791,0.537563,3.3849,-0.0138518,-0.00463182,0.00203637,-3.14159
-4.98805,0.541065,3.38786,-0.0231331,0.0094257,0.00296367,-3.14159
-4.99613,0.541443,3.3888,-0.00900386,0.00266239,0.000938761,-3.14159
-5.01255,0.549652,3.3905,-0.0204167,0.0136591,0.00169529,-3.14159
-5.01674,0.559064,3.39093,-0.00726544,0.0115627,0.000429598,-3.14159
-5.01379,0.56611,3.39025,0.00127637,0.00694521,-0.000678258,-3.14159
-5.01475,0.573588,3.39079,-0.00315442,0.00851912,0.000537402,-3.14159
-5.0194,0.585624,3.39228,-0.00854904,0.0146133,0.00149728,-3.14159
-5.03304,0.570149,3.3945,-0.0106661,-0.013227,0.00221805,-3.14159
-5.04074,0.581288,3.39668,-0.0117608,0.0145791,0.00217815,-3.14159
-5.04031,0.586091,3.39728,-0.000908582,0.00520194,0.000594489,-3.14159
-5.03905,0.579872,3.39802,0.00319831,-0.00726805,0.000749655,-3.14159
-5.04166,0.568834,3.39761,0.000311297,-0.0114917,-0.000417188,-3.14159
-5.04496,0.553973,3.39742,0.000652903,-0.0155314,-0.000188214,-3.14159
-5.04771,0.557865,3.3967,-0.00417494,0.0051113,-0.000715336,-3.14159
-5.04371,0.569216,3.39372,0.00119556,0.0114135,-0.00298299,-3.14159
-5.03978,0.575167,3.39193,0.00265989,0.00546183,-0.00179551,-3.14159
-5.04062,0.574451,3.39138,-0.000727134,-0.000552976,-0.000546415,-3.14159
-5.04313,0.569822,3.39056,-0.00147679,-0.00440091,-0.000819086,-3.14159
-5.03407,0.579002,3.3875,0.00743852,0.0075975,-0.00306432,-3.14159
-5.03681,0.569446,3.38549,-0.000399738,-0.00974776,-0.00200379,-3.14159
-5.03422,0.57592,3.38208,0.00110015,0.00639579,-0.00340829,-3.14159
-5.03284,0.576771,3.37979,0.00128092,0.000564665,-0.00229329,-3.14159
-5.0347,0.580726,3.37779,-0.00307228,0.00480787,-0.00199961,-3.14159
-5.03942,0.57977,3.37525,-0.00489516,0.000181523,-0.00254481,-3.14159
-5.05264,0.571029,3.37473,-0.0121366,-0.00610157,-0.000515445,-3.14159
-5.05512,0.573533,3.37302,-0.00333243,0.0033579,-0.00170939,-3.14159
-5.05328,0.573135,3.37081,0.00209263,-0.000896915,-0.0022107,-3.14159
-5.06056,0.567311,3.37009,-0.00643517,-0.00448274,-0.00072074,-3.14159
-5.06508,0.56763,3.36591,-0.0049688,0.00146058,-0.00418033,-3.14159
-5.07107,0.559847,3.36351,-0.0045668,-0.00694791,-0.00239442,-3.14159
-5.07124,0.563216,3.36158,-0.00100344,0.0036766,-0.00193119,-3.14159
-5.09136,0.568519,3.35676,-0.0228705,0.0104259,-0.00482144,-3.14159
-5.08376,0.558788,3.3531,0.0103875,-0.0121824,-0.00366171,-3.14159
-5.07469,0.545331,3.34865,0.0127238,-0.0164238,-0.00445166,-3.14159
-5.02483,0.552412,3.34139,0.0515248,-0.00320929,-0.00725694,-3.14159
-4.9929,0.556359,3.33726,0.0330452,-0.00252608,-0.00412954,-3.14159
-4.98085,0.556701,3.33601,0.0127027,-0.00215237,-0.00125371,-3.14159
-4.91324,0.581554,3.33195,0.066447,0.0125068,-0.00406154,-3.14159
-4.89041,0.579276,3.33014,0.024585,-0.00701087,-0.0018098,-3.14159
-4.92596,0.586826,3.32785,-0.0390101,0.0150348,-0.00228442,-3.14159
-4.97405,0.598735,3.32518,-0.0529931,0.0219515,-0.00267661,-3.14159
-4.99263,0.588006,3.32554,-0.017474,-0.00766131,0.000366343,-3.14159
-5.00782,0.59755,3.32382,-0.0178399,0.012992,-0.00172692,-3.14159
-5.03176,0.594948,3.32421,-0.0246945,0.00191371,0.000394558,-3.14159
-5.04926,0.58887,3.32443,-0.0172407,-0.00299276,0.000216473,-3.14159
-5.06008,0.582762,3.32489,-0.0102111,-0.00431898,0.000466409,-3.14159
-5.09435,0.564963,3.32515,-0.0326157,-0.0120486,0.000255456,-3.14159
-5.10052,0.564295,3.32537,-0.00636877,0.00050417,0.000225553,-3.14159
-5.12164,0.555829,3.32565,-0.0205896,-0.00477817,0.000273791,-3.14159
-5.13273,0.552004,3.32899,-0.0109425,-0.00181778,0.00334252,-3.14159
-5.14967,0.545224,3.3296,-0.0165364,-0.00375563,0.000606923,-3.14159
-5.16499,0.535732,3.33027,-0.0142697,-0.00693931,0.00067442,-3.14159
-5.1983,0.521107,3.33189,-0.0322524,-0.00868078,0.00162122,-3.14159
-5.2121,0.518387,3.33284,-0.0140383,-5.21881e-05,0.000948742,-3.14159
-5.23017,0.509053,3.33342,-0.0172177,-0.00616433,0.000578365,-3.14159
-5.25962,0.497299,3.33508,-0.0287612,-0.00634244,0.00165862,-3.14159
-5.27134,0.489794,3.33555,-0.0108668,-0.00551375,0.000467676,-3.14159
-5.29084,0.486345,3.33563,-0.0199463,0.000404676,8.58702e-05,-3.14159
-5.31727,0.475983,3.3361,-0.0258685,-0.00546502,0.000464698,-3.14159
-5.33593,0.467583,3.33692,-0.0180254,-0.00499635,0.000825958,-3.14159
-5.35327,0.453026,3.33808,-0.0153382,-0.01179,0.0011532,-3.14159
-5.37289,0.430685,3.34103,-0.0160628,-0.0195455,0.00295006,-3.14159
-5.3887,0.416777,3.34263,-0.0138207,-0.0113778,0.00160593,-3.14159
-5.4201,0.395493,3.34624,-0.0288018,-0.0157593,0.00360976,-3.14159
-5.42812,0.392574,3.34697,-0.00790802,-0.00133424,0.000729183,-3.14159
-5.45075,0.380281,3.34928,-0.0214311,-0.00804777,0.00230779,-3.14159
-5.47721,0.370121,3.35203,-0.0260257,-0.00482949,0.00275234,-3.14159
-5.49653,0.36385,3.35442,-0.019276,-0.00225062,0.00239185,-3.14159
-5.50886,0.357238,3.35561,-0.0117032,-0.00422241,0.00118543,-3.14159
-5.52354,0.354656,3.35725,-0.01518,0.000682593,0.00164102,-3.14159
-5.54291,0.357799,3.36261,-0.0216676,0.0080892,0.00535617,-3.14159
-5.55912,0.350469,3.36448,-0.0157316,-0.00395044,0.00187203,-3.14159
-5.56219,0.349361,3.36822,-0.00304391,-0.000434806,0.00374033,-3.14159
-5.56322,0.348545,3.37082,-0.000912942,-0.000625467,0.00259937,-3.14159
-5.58395,0.327146,3.37316,-0.017068,-0.0179612,0.00234376,-3.14159
-5.58864,0.323763,3.37348,-0.0042317,-0.002476,0.000317128,-3.14159
-5.62743,0.3084,3.37517,-0.0382778,-0.00668478,0.00169308,-3.14159
-5.62236,0.307431,3.37513,0.00577631,-0.00237102,-4.55965e-05,-3.14159
-5.61487,0.303919,3.37454,0.00906051,-0.00575858,-0.000583899,-3.14159
-5.58247,0.308381,3.37277,0.0340897,-0.0034406,-0.00176834,-3.14159
-5.57456,0.308183,3.37194,0.00865182,-0.00223244,-0.000830283,-3.14159
-5.56164,0.309096,3.37104,0.0137988,-0.00228518,-0.000900358,-3.14159
-5.52937,0.306726,3.36685,0.0355352,-0.0105744,-0.00419727,-3.14159
-5.51934,0.306004,3.36519,0.0110277,-0.0032476,-0.00165286,-3.14159
-5.48868,0.30714,3.35934,0.0327372,-0.00608012,-0.00585543,-3.14159
-5.48059,0.305443,3.35771,0.00911071,-0.0037369,-0.00163048,-3.14159
-5.46801,0.301226,3.35528,0.0144859,-0.00745854,-0.00243176,-3.14159
-5.46774,0.296207,3.35439,0.00146095,-0.0054513,-0.000883501,-3.14159
-5.4929,0.298187,3.35009,-0.0273799,0.00781728,-0.00430123,-3.14159
-5.5009,0.295849,3.34781,-0.00802375,-0.000710211,-0.00227936,-3.14159
-5.50919,0.292856,3.34432,-0.00818151,-0.00137432,-0.00348837,-3.14159
-5.52199,0.289885,3.33385,-0.0129398,-0.00050719,-0.0104689,-3.14159
-5.5219,0.289632,3.33386,0.000152118,-0.00028737,6.09566e-06,-3.14159
-5.52427,0.286557,3.3329,-0.00187868,-0.00276817,-0.000957249,-3.14159
-5.51743,0.290663,3.32873,0.00640326,0.00296642,-0.00417517,-3.14159
-5.51657,0.29049,3.32682,0.00093704,-0.000351499,-0.00190478,-3.14159
-5.51631,0.28487,3.32444,0.00136999,-0.00596937,-0.00238129,-3.14159
-5.50461,0.290019,3.31872,0.0113137,0.00320632,-0.00571649,-3.14159
-5.51371,0.289692,3.31673,-0.00947848,0.00134477,-0.00199988,-3.14159
-5.50884,0.292803,3.31306,0.00452243,0.00237446,-0.0036613,-3.14159
-5.51268,0.300737,3.3117,-0.00543056,0.0089828,-0.00136,-3.14159
-5.51404,0.296941,3.31095,-0.000751947,-0.00372287,-0.000750092,-3.14159
-5.51467,0.300712,3.30984,-0.00132737,0.0040505,-0.00111725,-3.14159
-5.51842,0.320054,3.3082,-0.00730427,0.0208422,-0.00163539,-3.14159
-5.51904,0.334999,3.30719,-0.00325495,0.0156959,-0.00100959,-3.14159
-5.51338,0.34451,3.30639,0.00425985,0.00893401,-0.000803191,-3.14159
-5.51594,0.343681,3.30658,-0.002531,-0.000419684,0.000196566,-3.14159
-5.51503,0.347184,3.30599,0.00034622,0.00349326,-0.000591103,-3.14159
-5.51733,0.354404,3.30448,-0.00363321,0.00791422,-0.00151637,-3.14159
-5.51081,0.362176,3.30308,0.00546911,0.00698334,-0.00139711,-3.14159
-5.51068,0.367879,3.30209,-0.000826521,0.00591171,-0.000994551,-3.14159
-5.50975,0.374174,3.29989,-8.00102e-05,0.00638708,-0.00219865,-3.14159
-5.51481,0.380562,3.29975,-0.00630938,0.00747487,-0.000132304,-3.14159
-5.50797,0.38347,3.2991,0.00662286,0.00189285,-0.000650542,-3.14159
-5.48404,0.389059,3.29777,0.0239235,0.00189086,-0.00133024,-3.14159
-5.4682,0.391743,3.29703,0.0160051,0.000208509,-0.000742882,-3.14159
-5.44921,0.396581,3.2951,0.0189103,0.00196988,-0.00192686,-3.14159
-5.45354,0.37741,3.29214,-0.00147424,-0.019167,-0.00296782,-3.14159
-5.32306,0.607787,3.29547,0.0982411,0.217894,0.00333571,-3.14159
-5.29734,0.630084,3.28965,0.0231577,0.0190905,-0.00582522,-3.14159
-5.25286,0.627881,3.2847,0.0462251,-0.00888668,-0.00494336,-3.14159
-5.22438,0.62502,3.27985,0.0297276,-0.00702592,-0.00485252,-3.14159
-5.20394,0.61952,3.2767,0.02179,-0.00851209,-0.00315337,-3.14159
-5.18976,0.613466,3.27347,0.015385,-0.0081479,-0.00323114,-3.14159
-5.21469,0.623036,3.26767,-0.0267892,0.0130426,-0.00579881,-3.14159
-5.22581,0.629705,3.26574,-0.012237,0.00824775,-0.00193127,-3.14159
-5.24485,0.638708,3.26161,-0.0205687,0.0115486,-0.00412149,-3.14159
-5.25182,0.641107,3.26006,-0.00740663,0.00329721,-0.00155211,-3.14159
-5.26217,0.643702,3.25878,-0.010886,0.00389488,-0.00128472,-3.14159
-5.27669,0.637519,3.25715,-0.0140784,-0.00459025,-0.00163082,-3.14159
-5.31415,0.639283,3.25533,-0.038415,0.006163,-0.00182202,-3.14159
-5.3296,0.637973,3.25422,-0.0155979,0.000445546,-0.00110115,-3.14159
-5.37304,0.632916,3.25271,-0.0436786,-0.000214753,-0.00151412,-3.14159
-5.39516,0.631893,3.25244,-0.0224178,0.0014663,-0.000274463,-3.14159
-5.41513,0.632851,3.25308,-0.0204686,0.00325523,0.000647838,-3.14159
-5.46305,0.635593,3.25335,-0.0491412,0.00827389,0.000262383,-3.14159
-5.48195,0.635276,3.25391,-0.0192363,0.00185085,0.000565234,-3.14159
-5.50061,0.642539,3.25568,-0.0198769,0.00958859,0.00177398,-3.14159
-5.53548,0.642353,3.25656,-0.0355544,0.00391799,0.000875645,-3.14159
-5.55908,0.642928,3.25672,-0.0241461,0.00337133,0.000161942,-3.14159
-5.57148,0.642769,3.25718,-0.012633,0.00130705,0.000455787,-3.14159
-5.59297,0.649421,3.25789,-0.0227303,0.00935188,0.000707611,-3.14159
-5.60772,0.650698,3.2582,-0.0152145,0.00306866,0.000315533,-3.14159
-5.61642,0.65271,3.25891,-0.00912574,0.0031008,0.000703542,-3.14159
-5.62227,0.656068,3.25962,-0.00638235,0.00413846,0.000715927,-3.14159
-5.6114,0.647059,3.26176,0.012231,-0.0105512,0.00213811,-3.14159
-5.60426,0.642332,3.26317,0.00788933,-0.00572574,0.0014129,-3.14159
-5.61629,0.644129,3.26364,-0.012534,0.0033471,0.000469656,-3.14159
-5.65076,0.631691,3.26574,-0.0336952,-0.00832962,0.00209722,-3.14159
-5.66478,0.632568,3.26569,-0.0144682,0.00268838,-5.21619e-05,-3.14159
-5.65064,0.63086,3.26562,0.0146972,-0.00355335,-6.5806e-05,-3.14159
-5.6284,0.62433,3.26485,0.0235827,-0.00950168,-0.0007668,-3.14159
-5.60831,0.619371,3.26387,0.0211747,-0.00759775,-0.000981359,-3.14159
-5.59837,0.617862,3.26317,0.010354,-0.00278581,-0.00070479,-3.14159
-5.56741,0.608563,3.26096,0.0327824,-0.0132968,-0.00221054,-3.14159
-5.55918,0.602993,3.25999,0.00908721,-0.00669061,-0.00096726,-3.14159
-5.55423,0.5954,3.25897,0.00596273,-0.00834928,-0.00101632,-3.14159
-5.5301,0.585623,3.25701,0.0257795,-0.012831,-0.00196876,-3.14159
-5.53913,0.584237,3.25674,-0.00904417,-0.000348558,-0.000269718,-3.14159
-5.5479,0.594991,3.25504,-0.0101974,0.011985,-0.00170008,-3.14159
-5.56356,0.599907,3.25476,-0.016533,0.00682696,-0.000272008,-3.14159
-5.5731,0.598355,3.25503,-0.00954968,-0.000474346,0.000268168,-3.14159
-5.58606,0.578228,3.25665,-0.0108547,-0.0190064,0.00161991,-3.14159
-5.46235,0.616308,3.26097,0.121754,0.023749,0.00431688,-3.14159
-5.48584,0.608787,3.26167,-0.0230813,-0.00479074,0.000702941,-3.14159
-5.5066,0.59885,3.26344,-0.019995,-0.00756301,0.0017686,-3.14159
-5.5152,0.59121,3.26446,-0.00783338,-0.00673059,0.00102326,-3.14159
-5.51833,0.593175,3.26453,-0.00345426,0.00240734,6.38966e-05,-3.14159
-5.52395,0.593664,3.26477,-0.00580327,0.00121076,0.000240774,-3.14159
-5.52792,0.594206,3.2655,-0.00413946,0.00106231,0.000735092,-3.14159
-5.53321,0.59307,3.26574,-0.00527344,-0.000487479,0.000234233,-3.14159
-5.54089,0.591466,3.2665,-0.0076535,-0.00065563,0.000760978,-3.14159
-5.54822,0.570896,3.26801,-0.00483343,-0.0201206,0.00150824,-3.14159
-5.55323,0.565784,3.26858,-0.00446434,-0.00458389,0.000571712,-3.14159
-5.56871,0.571958,3.26661,-0.016645,0.00831434,-0.00196805,-3.14159
-5.57037,0.57362,3.2658,-0.00191463,0.00191399,-0.000811621,-3.14159
-5.55389,0.569201,3.2647,0.0174209,-0.00660803,-0.00109945,-3.14159
-5.53762,0.567138,3.26384,0.0169031,-0.00415522,-0.000854298,-3.14159
-5.49834,0.57938,3.25824,0.0386412,0.00779715,-0.00560151,-3.14159
-5.47127,0.578107,3.25491,0.0277465,-0.00443863,-0.003336,-3.14159
-5.43529,0.573455,3.24861,0.0371216,-0.00866626,-0.006299,-3.14159
-5.41261,0.56433,3.24588,0.0240279,-0.0116901,-0.00273092,-3.14159
-5.38947,0.549583,3.24136,0.024988,-0.0173212,-0.00452187,-3.14159
-5.38186,0.541695,3.2395,0.00850299,-0.00876149,-0.00185741,-3.14159
-5.34078,0.533157,3.23286,0.0423904,-0.0124533,-0.00663634,-3.14159
-5.35822,0.54663,3.22985,-0.0188469,0.0151935,-0.0030103,-3.14159
-5.37289,0.559516,3.22402,-0.0159032,0.0142438,-0.00582656,-3.14159
-5.37804,0.562478,3.22345,-0.00543908,0.0034186,-0.000574261,-3.14159
-5.39098,0.570632,3.22184,-0.0137349,0.00928493,-0.00160954,-3.14159
-5.39978,0.56844,3.22068,-0.00870368,-0.00150995,-0.00116458,-3.14159
-5.4152,0.565181,3.21912,-0.0153098,-0.00207909,-0.00155225,-3.14159
-5.42816,0.562342,3.21789,-0.0128566,-0.00186415,-0.0012332,-3.14159
-5.46099,0.562349,3.2153,-0.0330933,0.00245047,-0.00259144,-3.14159
-5.47401,0.560437,3.21417,-0.0129896,-0.000972786,-0.00112865,-3.14159
-5.4876,0.561434,3.21295,-0.0137657,0.00198351,-0.00122349,-3.14159
-5.52368,0.568471,3.20958,-0.0368111,0.00956,-0.00336685,-3.14159
-5.53975,0.571984,3.20873,-0.0164229,0.00462468,-0.000849766,-3.14159
-5.56092,0.576618,3.20653,-0.0216055,0.00604928,-0.00219559,-3.14159
-5.57313,0.579972,3.20511,-0.0124937,0.00415551,-0.00142638,-3.14159
-5.59263,0.587571,3.20219,-0.0200712,0.00883037,-0.00291909,-3.14159
-5.61025,0.59273,3.19955,-0.0180144,0.00621341,-0.00263804,-3.14159
-5.61364,0.596971,3.1978,-0.0036437,0.00445263,-0.00175551,-3.14159
-5.62812,0.61115,3.19276,-0.0152708,0.0149795,-0.00503342,-3.14159
-5.6363,0.619237,3.19036,-0.00860221,0.008516,-0.00240214,-3.14159
-5.65144,0.61665,3.18842,-0.015064,-0.00188391,-0.00193808,-3.14159
-5.6712,0.632256,3.18315,-0.0204702,0.0164708,-0.00527051,-3.14159
-5.685,0.644849,3.17934,-0.0143038,0.0131424,-0.00381381,-3.14159
-5.69152,0.654117,3.17677,-0.00685767,0.00951569,-0.00257001,-3.14159
-5.71155,0.656982,3.17228,-0.020143,0.00348425,-0.00448873,-3.14159
-5.72136,0.661622,3.17049,-0.00996392,0.00492997,-0.0017902,-3.14159
-5.73902,0.657399,3.16876,-0.0175607,-0.00374776,-0.00172769,-3.14159
-5.76032,0.668268,3.16787,-0.0216114,0.0114414,-0.000889239,-3.14159
-5.77264,0.668531,3.16747,-0.0123394,0.000582602,-0.000397868,-3.14159
-5.8077,0.663818,3.16708,-0.0349751,-0.00382392,-0.000398803,-3.14159
-5.81853,0.668534,3.16735,-0.0109602,0.00500053,0.000277175,-3.14159
-5.8296,0.67647,3.16792,-0.011286,0.00823541,0.000564312,-3.14159
-5.83951,0.677324,3.16825,-0.00995041,0.00112027,0.000332671,-3.14159
-5.87668,0.686242,3.17043,-0.0374738,0.0100021,0.00218533,-3.14159
-5.89716,0.695392,3.1727,-0.0207947,0.00980203,0.00226366,-3.14159
-5.92849,0.705367,3.17542,-0.0317156,0.0110538,0.00272363,-3.14159
-5.93968,0.711288,3.17705,-0.011427,0.00633035,0.00162792,-3.14159
-5.95164,0.718734,3.17879,-0.0122589,0.00790721,0.00173862,-3.14159
-5.96893,0.725051,3.18069,-0.0175747,0.00700933,0.00189778,-3.14159
-5.99113,0.729889,3.18281,-0.0224561,0.00576778,0.002119,-3.14159
-6.01046,0.728119,3.18604,-0.0193109,-0.000912465,0.00323432,-3.14159
-6.04545,0.711809,3.19133,-0.0343092,-0.0146221,0.00528975,-3.14159
-6.05009,0.731087,3.1944,-0.00568244,0.0196048,0.00307232,-3.14159
-6.23079,0.756819,3.19919,-0.183094,0.0363317,0.00478681,-3.14159
-6.16609,0.776924,3.20643,0.0638012,0.0160052,0.00724209,-3.14159
-6.15399,0.772351,3.20726,0.0124774,-0.00540322,0.000830628,-3.14159
-6.13357,0.759192,3.20658,0.0214114,-0.0145801,-0.000679804,-3.14159
-6.11112,0.743104,3.20696,0.023659,-0.0176712,0.000378696,-3.14159
-6.08913,0.72556,3.20577,0.0232544,-0.019075,-0.00119436,-3.14159
-6.10616,0.729056,3.20498,-0.017348,0.00460411,-0.00078285,-3.14159
-6.09537,0.715461,3.20429,0.0117106,-0.0143567,-0.000694538,-3.14159
-6.07921,0.698237,3.2054,0.0173616,-0.0183682,0.00111401,-3.14159
-6.07055,0.680901,3.20526,0.00983236,-0.0179985,-0.000137942,-3.14159
-6.07049,0.679575,3.20541,0.000143962,-0.00133738,0.000147519,-3.14159
-6.06176,0.6724,3.20607,0.00924835,-0.00778797,0.000655321,-3.14159
-6.0543,0.668575,3.20624,0.00775425,-0.00433438,0.000175774,-3.14159
-6.06347,0.663143,3.20688,-0.0088735,-0.00486319,0.000640471,-3.14159
-6.09599,0.673262,3.20867,-0.0334235,0.0123868,0.00179077,-3.14159
-6.10966,0.678141,3.20929,-0.0141005,0.00584607,0.000620436,-3.14159
-6.13133,0.6972,3.2111,-0.0231577,0.0207177,0.00180052,-3.14159
-6.13339,0.698946,3.21273,-0.00219991,0.0019072,0.00163864,-3.14159
-6.148,0.704771,3.21547,-0.0151738,0.00696375,0.00273357,-3.14159
-6.15008,0.709021,3.2164,-0.00241417,0.0044428,0.000931362,-3.14159
-6.15516,0.695123,3.21997,-0.00402471,-0.013625,0.00356977,-3.14159
-6.15672,0.698937,3.22071,-0.00188101,0.00397534,0.000738558,-3.14159
-6.15952,0.708219,3.22302,-0.00359325,0.00960616,0.00230899,-3.14159
-6.15149,0.707254,3.2246,0.00819192,-0.00164957,0.0015871,-3.14159
-6.16132,0.713561,3.22708,-0.0104828,0.00722796,0.00247158,-3.14159
-6.16324,0.719111,3.23028,-0.00243799,0.00578921,0.0032052,-3.14159
-6.16553,0.725667,3.23094,-0.00292048,0.00684399,0.000662499,-3.14159
-6.1667,0.737719,3.23221,-0.00229282,0.0123099,0.00126349,-3.14159
-6.17123,0.712262,3.23717,-0.00211481,-0.0253717,0.00496689,-3.14159
-6.18463,0.696182,3.23727,-0.0120217,-0.0149993,9.59077e-05,-3.14159
-6.1835,0.697642,3.23958,0.00100395,0.00136798,0.00230746,-3.14159
-6.19911,0.70867,3.24156,-0.0169745,0.0127862,0.00198292,-3.14159
-6.19074,0.707455,3.24246,0.00862134,-0.00209466,0.000899946,-3.14159
-6.18399,0.702506,3.24273,0.00736654,-0.00572137,0.00026751,-3.14159
-6.14911,0.686199,3.2407,0.0370458,-0.0200712,-0.00202213,-3.14159
-6.13558,0.676052,3.23845,0.0147323,-0.0116268,-0.00225355,-3.14159
-6.10793,0.672701,3.23481,0.0283246,-0.00601338,-0.0036447,-3.14159
-6.06814,0.647141,3.22564,0.0424015,-0.0292226,-0.00916437,-3.14159
-6.02857,0.641263,3.22024,0.0403993,-0.00908014,-0.00539873,-3.14159
-6.02106,0.635704,3.21723,0.00800159,-0.00618075,-0.00301434,-3.14159
-5.96452,0.620947,3.20628,0.0578624,-0.0185364,-0.0109515,-3.14159
-5.94598,0.61062,3.20139,0.0192633,-0.0114985,-0.00489138,-3.14159
-5.93321,0.596555,3.19343,0.0135507,-0.0147868,-0.00796003,-3.14159
-5.91891,0.582104,3.18408,0.0149566,-0.0151006,-0.00934502,-3.14159
-5.91139,0.573171,3.17736,0.0078574,-0.00921962,-0.00671789,-3.14159
-5.92428,0.57453,3.17444,-0.0129613,0.00178581,-0.00292142,-3.14159
-5.94161,0.57922,3.16994,-0.0174767,0.00518719,-0.00449695,-3.14159
-5.952,0.578916,3.16711,-0.0103987,-3.89333e-05,-0.00283407,-3.14159
-5.96215,0.576714,3.1657,-0.0101087,-0.00195835,-0.0014127,-3.14159
-5.99573,0.584446,3.16355,-0.0337651,0.00847516,-0.00215194,-3.14159
-6.01156,0.583102,3.1626,-0.0158131,-0.00101171,-0.000946933,-3.14159
-6.08961,0.592368,3.15995,-0.0782589,0.0107034,-0.00265116,-3.14159
-6.08959,0.592407,3.15994,1.15022e-05,3.95433e-05,-3.56137e-06,-3.14159
-6.12277,0.603864,3.15843,-0.0333809,0.0120206,-0.00151223,-3.14159
-6.12279,0.60387,3.15843,-2.06025e-05,5.80427e-06,5.35674e-07,-3.14159
-6.16605,0.612278,3.15576,-0.0433908,0.00902417,-0.00267446,-3.14159
-6.33501,0.624221,3.14139,-0.16896,0.0119083,-0.014368,-3.14159
-6.33495,0.624172,3.14139,6.27774e-05,-4.90565e-05,-1.67675e-07,-3.14159
-6.33775,0.627911,3.14154,-0.00280672,0.00373924,0.000154,-3.14159
-6.33777,0.62792,3.14155,-1.51244e-05,9.19648e-06,1.61484e-06,-3.14159
-6.34472,0.633944,3.14171,-0.00695452,0.00602471,0.00016899,-3.14159
-6.34932,0.637623,3.1419,-0.00460315,0.00368034,0.000189032,-3.14159
-6.35802,0.630739,3.14214,-0.00869121,-0.00687864,0.000238321,-3.14159
-6.35806,0.630752,3.14215,-4.45881e-05,1.29474e-05,4.46671e-06,-3.14159
-6.37046,0.631544,3.14276,-0.0123936,0.000805584,0.000608945,-3.14159
-6.38633,0.630181,3.14269,-0.0158694,-0.00134547,-6.67472e-05,-3.14159
-6.39303,0.627887,3.14264,-0.00670472,-0.00228702,-5.27714e-05,-3.14159
-6.44061,0.629029,3.14253,-0.0475786,0.00118699,-0.000104231,-3.14159
-6.45525,0.627917,3.14242,-0.0146418,-0.00109969,-0.00011216,-3.14159
-6.48206,0.631219,3.14304,-0.026813,0.00334082,0.000624876,-3.14159
-6.50496,0.624887,3.1448,-0.0228816,-0.00625861,0.00175812,-3.14159
-6.51533,0.621757,3.14593,-0.0103495,-0.00308549,0.00112573,-3.14159
-6.53702,0.622617,3.14768,-0.0216972,0.000992357,0.0017474,-3.14159
-6.55427,0.627247,3.15037,-0.0172944,0.00478213,0.00268943,-3.14159
-6.56669,0.63576,3.15227,-0.0125162,0.00864666,0.00190941,-3.14159
-6.56074,0.641916,3.15514,0.00587408,0.00607747,0.00286299,-3.14159
-6.58873,0.617377,3.16105,-0.027531,-0.0240086,0.00590741,-3.14159
-6.61416,0.625024,3.16297,-0.0256163,0.00819661,0.00192783,-3.14159
-6.63874,0.610416,3.16566,-0.0242463,-0.0140282,0.00268677,-3.14159
-6.67174,0.612491,3.16966,-0.0330996,0.00300464,0.00399892,-3.14159
-6.6905,0.613534,3.17126,-0.0188158,0.0016024,0.00160297,-3.14159
-6.67923,0.6043,3.1726,0.0115746,-0.00959794,0.00133473,-3.14159
-6.65231,0.592063,3.17334,0.0273558,-0.0131113,0.000748127,-3.14159
-6.64611,0.587979,3.17381,0.00634023,-0.00429065,0.000466643,-3.14159
-6.63879,0.574137,3.17459,0.00779106,-0.014107,0.000781236,-3.14159
-6.6212,0.558172,3.17493,0.0181477,-0.0165795,0.000337644,-3.14159
-6.60535,0.545073,3.17558,0.0163247,-0.0136611,0.0006477,-3.14159
-6.60225,0.540879,3.17605,0.00325067,-0.00430901,0.000473884,-3.14159
-6.583,0.527954,3.17695,0.0197393,-0.013631,0.000899442,-3.14159
-6.57407,0.518318,3.1771,0.00929447,-0.00997257,0.000151501,-3.14159
-6.56653,0.509332,3.17794,0.00788668,-0.00927824,0.000838919,-3.14159
-6.5632,0.496455,3.17998,0.00382479,-0.0130331,0.00203695,-3.14159
-6.57016,0.500043,3.18106,-0.00711073,0.00387077,0.00108251,-3.14159
-6.57401,0.499647,3.18217,-0.00384341,-0.000240183,0.00111064,-3.14159
-6.58775,0.50967,3.18406,-0.0142054,0.0106359,0.00188775,-3.14159
-6.58743,0.505168,3.18524,0.000515488,-0.00452873,0.00118137,-3.14159
-6.58929,0.504765,3.1855,-0.0018503,-0.000321877,0.000256958,-3.14159
-6.5963,0.515849,3.18752,-0.00753676,0.0114418,0.00202194,-3.14159
-6.59623,0.506355,3.18923,0.000518996,-0.00952952,0.00170621,-3.14159
-6.59783,0.510224,3.1905,-0.0017992,0.00396163,0.00127824,-3.14159
-6.60453,0.493703,3.19127,-0.00589675,-0.0162486,0.000763703,-3.14159
-6.61282,0.492968,3.19079,-0.00828246,-0.000327436,-0.00047668,-3.14159
-6.60933,0.49418,3.18962,0.00343873,0.00104771,-0.00117152,-3.14159
-6.62315,0.484519,3.18593,-0.0134247,-0.00907498,-0.00369296,-3.14159
-6.63291,0.479287,3.18508,-0.00956236,-0.00482022,-0.000842682,-3.14159
-6.63838,0.478713,3.18347,-0.00546019,-0.00034584,-0.00161879,-3.14159
-6.65074,0.491753,3.17597,-0.0128342,0.0134885,-0.00749884,-3.14159
-6.65707,0.50167,3.17209,-0.00664183,0.0101248,-0.00388099,-3.14159
-6.65017,0.50215,3.16898,0.00689749,0.000291012,-0.00310704,-3.14159
-6.62821,0.499575,3.16022,0.0220207,-0.00298587,-0.00875878,-3.14159
-6.61647,0.497204,3.1562,0.0117823,-0.00254361,-0.00402098,-3.14159
-6.59224,0.494743,3.14987,0.0242468,-0.00266129,-0.00633044,-3.14159
-6.55444,0.492308,3.14102,0.0377974,-0.00241317,-0.00885039,-3.14159
-6.52738,0.485316,3.1346,0.02702,-0.00680293,-0.00641777,-3.14159
-6.52015,0.478587,3.13189,0.00716175,-0.00666009,-0.00270564,-3.14159
-6.47449,0.467365,3.12451,0.0454842,-0.0104464,-0.00738225,-3.14159
-6.45798,0.458029,3.1225,0.0163443,-0.0090264,-0.00200714,-3.14159
-6.44245,0.444104,3.1187,0.0152262,-0.0135802,-0.00380232,-3.14159
-6.47372,0.456201,3.11474,-0.0309839,0.0112694,-0.00396464,-3.14159
-6.47645,0.459544,3.11267,-0.0026336,0.00326794,-0.00206361,-3.14159
-6.48606,0.463846,3.11179,-0.00948925,0.00402148,-0.000882613,-3.14159
-6.51238,0.468546,3.10931,-0.0262171,0.00385591,-0.00247974,-3.14159
-6.52118,0.465778,3.10844,-0.00890066,-0.00306454,-0.000873951,-3.14159
-6.53118,0.46364,3.10769,-0.0100902,-0.00248148,-0.00074641,-3.14159
-6.55903,0.464764,3.10671,-0.0278608,0.000152109,-0.000984955,-3.14159
-6.57556,0.469498,3.1065,-0.0163978,0.00416149,-0.000206526,-3.14159
-6.58761,0.469863,3.10668,-0.0120564,-5.56848e-05,0.000179107,-3.14159
-6.6172,0.476792,3.1064,-0.0294026,0.0058977,-0.000278602,-3.14159
-6.62971,0.477038,3.1061,-0.0125286,-0.000199166,-0.000305202,-3.14159
-6.64185,0.480432,3.10547,-0.0120331,0.00296197,-0.000626612,-3.14159
-6.66149,0.483906,3.10329,-0.0195569,0.00272659,-0.00217821,-3.14159
-6.66865,0.48832,3.10158,-0.00699592,0.0041382,-0.00170881,-3.14159
-6.68253,0.477198,3.10128,-0.0143645,-0.0117107,-0.00030402,-3.14159
-6.70091,0.486722,3.09853,-0.0180188,0.00875609,-0.0027455,-3.14159
-6.71079,0.492144,3.09737,-0.00967234,0.00499925,-0.00116621,-3.14159
-6.72519,0.50186,3.09616,-0.0140028,0.00908979,-0.0012045,-3.14159
-6.76444,0.504114,3.09331,-0.0392786,0.000358793,-0.00285353,-3.14159
-6.77567,0.510066,3.09209,-0.0109735,0.00541538,-0.00122092,-3.14159
-6.78849,0.510358,3.09111,-0.0128497,-0.000357215,-0.000974575,-3.14159
-6.81448,0.504343,3.08938,-0.0264158,-0.00740354,-0.00173706,-3.14159
-6.8245,0.503014,3.08909,-0.0101288,-0.00186297,-0.000286354,-3.14159
-6.83665,0.504135,3.08823,-0.0121483,0.00047382,-0.000857083,-3.14159
-6.87747,0.50908,3.08543,-0.0407312,0.00266249,-0.00279956,-3.14159
-6.90158,0.50325,3.08447,-0.0245624,-0.00724431,-0.000957536,-3.14159
-6.9102,0.50679,3.08455,-0.00845839,0.00306289,7.91818e-05,-3.14159
-6.9354,0.518648,3.08609,-0.0246565,0.0105066,0.0015352,-3.14159
-6.94584,0.518635,3.087,-0.010485,-0.000586369,0.000908186,-3.14159
-6.95228,0.518672,3.08809,-0.00646989,-0.000309023,0.00109645,-3.14159
-6.96763,0.519219,3.09136,-0.0153826,-0.000225589,0.00326923,-3.14159
-6.96936,0.520006,3.09241,-0.00169347,0.000704511,0.00104656,-3.14159
-6.97411,0.518269,3.09374,-0.00484742,-0.00197106,0.00132706,-3.14159
-6.98627,0.519128,3.0955,-0.0121582,0.000299511,0.00176597,-3.14159
-6.98964,0.516668,3.09759,-0.00349414,-0.00261652,0.002087,-3.14159
-6.99134,0.516837,3.09918,-0.00170072,9.71561e-05,0.00158859,-3.14159
-7.00353,0.512159,3.10193,-0.0123979,-0.00517419,0.00275456,-3.14159
-7.00426,0.511601,3.10338,-0.000756398,-0.0005867,0.00145121,-3.14159
-7.00782,0.511238,3.10448,-0.00358412,-0.000496159,0.00109638,-3.14159
-7.0361,0.500417,3.10716,-0.0286953,-0.011816,0.00267559,-3.14159
-7.13787,0.566133,3.11032,-0.0998683,0.0626232,0.00316361,-3.14159
-6.99137,0.47013,3.11421,0.14404,-0.0920939,0.00389366,-3.14159
-6.9749,0.445584,3.11932,0.015927,-0.0241973,0.00510517,-3.14159
-6.95872,0.440208,3.12174,0.0160897,-0.00505721,0.00241991,-3.14159
-6.95295,0.441183,3.12284,0.00578525,0.00108355,0.00110334,-3.14159
-6.92705,0.429037,3.12655,0.0257325,-0.0117605,0.00371176,-3.14159
-6.91111,0.420606,3.12859,0.0158283,-0.00822579,0.00203774,-3.14159
-6.89996,0.415309,3.1303,0.0110907,-0.0051722,0.00170544,-3.14159
-6.86848,0.394619,3.1338,0.0313224,-0.0204468,0.00350774,-3.14159
-6.85823,0.388221,3.13503,0.0102151,-0.00633061,0.00122432,-3.14159
-6.85014,0.380807,3.13605,0.00804329,-0.00736959,0.00102335,-3.14159
-6.83124,0.363574,3.13879,0.0188575,-0.0171808,0.00273687,-3.14159
-6.85073,0.359064,3.1414,-0.0194928,-0.00451393,0.00261337,-3.14159
-6.86363,0.36354,3.14293,-0.0129112,0.00449414,0.00152753,-3.14159
-6.89107,0.369833,3.14714,-0.027471,0.00644474,0.00420793,-3.14159
-6.90264,0.376404,3.14851,-0.0116137,0.00665169,0.00137669,-3.14159
-6.91519,0.377059,3.15008,-0.0125618,0.0007616,0.00156397,-3.14159
-6.91839,0.406312,3.15036,-0.00345063,0.0292848,0.000278214,-3.14159
-6.92613,0.41468,3.15148,-0.00783132,0.00844578,0.00112306,-3.14159
-6.94088,0.419752,3.15446,-0.014817,0.0052628,0.00297693,-3.14159
-6.96223,0.43067,3.15795,-0.0215387,0.0112716,0.00349713,-3.14159
-6.9588,0.440403,3.15712,0.0032819,0.00968318,-0.000832406,-3.14159
-6.95788,0.449723,3.15569,0.000786492,0.00931042,-0.00142835,-3.14159
-6.97569,0.450193,3.15406,-0.0178163,0.000691677,-0.00163272,-3.14159
-6.98055,0.463019,3.15082,-0.00497666,0.0128731,-0.00324243,-3.14159
-6.98811,0.460487,3.15057,-0.00754467,-0.0024653,-0.000250992,-3.14159
-6.98478,0.468667,3.1457,0.00330376,0.00816705,-0.00487138,-3.14159
-6.98951,0.463213,3.14414,-0.00471714,-0.00544254,-0.0015518,-3.14159
-6.98722,0.46621,3.14215,0.00228261,0.00299613,-0.00199858,-3.14159
-6.98814,0.469942,3.13811,-0.000901138,0.00372934,-0.0040381,-3.14159
-6.98864,0.464599,3.1366,-0.000527055,-0.00534635,-0.00150808,-3.14159
-6.98559,0.465568,3.13476,0.00305094,0.000989865,-0.00184233,-3.14159
-6.99327,0.470858,3.13043,-0.00762218,0.00520578,-0.00432601,-3.14159
-7.00188,0.466859,3.12858,-0.00866475,-0.00411199,-0.00185347,-3.14159
-7.00354,0.46502,3.12783,-0.00168287,-0.00186258,-0.000750465,-3.14159
-6.99558,0.464729,3.12295,0.00795991,-0.000143101,-0.00488057,-3.14159
-7.00488,0.461591,3.12272,-0.00936935,-0.00331533,-0.000228315,-3.14159
-7.00917,0.459052,3.12032,-0.0043385,-0.00263177,-0.00240132,-3.14159
-7.02052,0.459681,3.11541,-0.0113491,0.00033199,-0.00490677,-3.14159
-7.03236,0.461766,3.11302,-0.0117918,0.0017489,-0.00238764,-3.14159
-7.02178,0.459792,3.1104,0.0105301,-0.00164636,-0.00262404,-3.14159
-6.98654,0.464589,3.10378,0.0354975,0.00614338,-0.00661478,-3.14159
-6.97101,0.458201,3.10025,0.0153084,-0.00576056,-0.00353516,-3.14159
-6.95607,0.459731,3.09693,0.0150471,0.00220441,-0.00331518,-3.14159
-6.90851,0.463071,3.08704,0.0479648,0.00596403,-0.00988858,-3.14159
-6.88798,0.461858,3.08266,0.0205629,-2.36922e-06,-0.00438061,-3.14159
-6.86114,0.462144,3.07644,0.0270331,0.00205051,-0.00622332,-3.14159
-6.82194,0.451182,3.0691,0.0387066,-0.00818026,-0.00734065,-3.14159
-6.80129,0.44292,3.06653,0.0201975,-0.00676586,-0.00256553,-3.14159
-6.77585,0.437507,3.06229,0.0252502,-0.00342379,-0.00424188,-3.14159
-6.75053,0.431131,3.05831,0.0250504,-0.00430715,-0.00398386,-3.14159
-6.74049,0.427754,3.05564,0.00985091,-0.00254091,-0.00266929,-3.14159
-6.7489,0.427518,3.05415,-0.00852155,-0.000983954,-0.00149072,-3.14159
-6.75997,0.428047,3.05364,-0.0111512,-0.000451872,-0.000508441,-3.14159
-6.7636,0.429691,3.053,-0.00353531,0.00133675,-0.000636779,-3.14159
-6.7705,0.436171,3.05193,-0.00639175,0.0059314,-0.00107257,-3.14159
-6.77895,0.441858,3.05094,-0.00803332,0.00497957,-0.000986995,-3.14159
-6.78348,0.44627,3.05062,-0.00417837,0.0040497,-0.000324609,-3.14159
-6.78903,0.450293,3.0502,-0.00524555,0.00355884,-0.000414482,-3.14159
-6.79901,0.453386,3.04968,-0.00981977,0.00220163,-0.000523615,-3.14159
-6.81437,0.457309,3.04887,-0.0151882,0.00252707,-0.000807868,-3.14159
-6.83027,0.463657,3.04808,-0.0155104,0.00492094,-0.00079556,-3.14159
-6.85461,0.465001,3.04764,-0.0245419,-0.000962679,-0.000433832,-3.14159
-7.20223,0.471834,3.06836,-0.349932,-0.0188213,0.0207142,-3.14159
-7.2021,0.471947,3.06836,0.000135558,0.000122987,6.88784e-06,-3.14159
-7.2123,0.471297,3.06881,-0.0103269,-0.00140486,0.000450297,-3.14159
-7.2247,0.474895,3.0683,-0.0122364,0.00270988,-0.000512407,-3.14159
-7.22911,0.481203,3.06729,-0.00397472,0.00602895,-0.00101261,-3.14159
-7.23314,0.487412,3.06618,-0.00358708,0.00595615,-0.00110693,-3.14159
-7.26214,0.496968,3.06271,-0.0285071,0.00733284,-0.00347101,-3.14159
-7.27323,0.483572,3.06205,-0.0122816,-0.0144179,-0.000665498,-3.14159
-7.27996,0.49334,3.06081,-0.00599617,0.00931501,-0.00123501,-3.14159
-7.29074,0.48322,3.05927,-0.01173,-0.0111224,-0.0015463,-3.14159
-7.31597,0.494496,3.0561,-0.0245336,0.00921485,-0.00316554,-3.14159
-7.3236,0.484422,3.05603,-0.00858544,-0.0108482,-6.50709e-05,-3.14159
-7.35115,0.442687,3.05942,-0.0313133,-0.0444544,0.00338629,-3.14159
-7.36156,0.451559,3.05733,-0.00975545,0.00807884,-0.00209317,-3.14159
-7.37412,0.460753,3.0547,-0.0118951,0.0081932,-0.00263182,-3.14159
-7.38875,0.465899,3.05236,-0.014348,0.00388255,-0.0023317,-3.14159
-7.40201,0.460509,3.05242,-0.0139015,-0.0066547,5.49203e-05,-3.14159
-7.41352,0.459045,3.05178,-0.011789,-0.00253122,-0.00063893,-3.14159
-7.43514,0.474764,3.05172,-0.0204494,0.0139395,-5.97862e-05,-3.14159
-7.44312,0.474623,3.05191,-0.00809517,-0.000869163,0.00018617,-3.14159
-7.45434,0.483156,3.05358,-0.0105809,0.00763257,0.00167424,-3.14159
-7.48491,0.521386,3.05627,-0.0276082,0.0360077,0.00269288,-3.14159
-7.50139,0.525213,3.05667,-0.016326,0.00245152,0.000395753,-3.14159
-7.51655,0.530206,3.05736,-0.0149046,0.00375236,0.000688113,-3.14159
-7.53988,0.543038,3.05918,-0.0224999,0.0110176,0.00182011,-3.14159
-7.55384,0.54948,3.05981,-0.0135634,0.00535177,0.000631102,-3.14159
-7.54164,0.606052,3.05171,0.0175067,0.0583793,-0.00809962,-3.14159
-7.62189,0.622444,3.05322,-0.07973,0.0093909,0.0015095,-3.14159
-7.64488,0.599085,3.05544,-0.0252889,-0.0256292,0.00222312,-3.14159
-7.65532,0.599174,3.05686,-0.010542,-0.000806622,0.00141884,-3.14159
-7.67154,0.604161,3.05923,-0.0159709,0.00368606,0.0023706,-3.14159
-7.67741,0.595883,3.0616,-0.00659854,-0.00883412,0.00237121,-3.14159
-7.66661,0.591464,3.0643,0.0105483,-0.00361494,0.00269369,-3.14159
-7.64224,0.572639,3.0685,0.0231808,-0.0171782,0.00420002,-3.14159
-7.60032,0.589462,3.07297,0.0433856,0.0198454,0.00446898,-3.14159
-7.57617,0.5914,3.07577,0.0244357,0.00355293,0.00280089,-3.14159
-7.54012,0.573996,3.08009,0.0351795,-0.0152704,0.00432171,-3.14159
-7.52919,0.567383,3.08179,0.0105886,-0.00599167,0.00170577,-3.14159
-7.40995,0.484023,3.09003,0.115397,-0.0775156,0.00823993,-3.14159
-7.40986,0.484071,3.09004,9.6358e-05,5.31169e-05,3.69169e-06,-3.14159
-7.37371,0.48886,3.09016,0.0365399,0.00667651,0.000122819,-3.14159
-7.37336,0.488502,3.09014,0.000326245,-0.000342012,-1.9356e-05,-3.14159
-7.37344,0.488486,3.09014,-7.90758e-05,-2.01482e-05,3.3373e-06,-3.14159
-7.37033,0.484585,3.09006,0.00292104,-0.0037549,-8.52429e-05,-3.14159
-7.35316,0.496419,3.0906,0.0178435,0.0127594,0.000545045,-3.14159
-7.36429,0.50276,3.09094,-0.0108466,0.00579969,0.000336328,-3.14159
-7.3607,0.499812,3.09104,0.00345088,-0.00277721,0.000102954,-3.14159
-7.36864,0.505748,3.09091,-0.00766258,0.00555477,-0.000135283,-3.14159
-7.37852,0.521039,3.09085,-0.00914196,0.0148469,-5.52329e-05,-3.14159
-7.37122,0.513156,3.09249,0.00693974,-0.00755144,0.0016423,-3.14159
-7.37984,0.519983,3.09358,-0.0083214,0.0064342,0.00108274,-3.14159
-7.4135,0.512396,3.09744,-0.034102,-0.00910068,0.0038602,-3.14159
-7.42708,0.507509,3.0985,-0.0138275,-0.00548768,0.00106098,-3.14159
-7.42616,0.50808,3.09964,0.000946774,0.000610969,0.00114064,-3.14159
-7.42882,0.502002,3.10343,-0.00289289,-0.00619303,0.00379125,-3.14159
-7.43316,0.506944,3.10433,-0.00416361,0.00479004,0.000903901,-3.14159
-7.43454,0.50372,3.10609,-0.001503,-0.00327879,0.00176008,-3.14159
-7.4382,0.502112,3.11022,-0.00371309,-0.00172567,0.0041261,-3.14159
-7.4456,0.501661,3.11195,-0.0074194,-0.000671318,0.00172993,-3.14159
-7.44681,0.495552,3.114,-0.00138681,-0.00614881,0.00204997,-3.14159
-7.42384,0.490357,3.11408,0.0228549,-0.00456858,7.60269e-05,-3.14159
-7.4287,0.493073,3.11338,-0.00479227,0.00258218,-0.000697309,-3.14159
-7.42651,0.481424,3.11328,0.00186353,-0.0116015,-9.84313e-05,-3.14159
-7.42438,0.469239,3.11134,0.00176628,-0.0121363,-0.00194405,-3.14159
-7.42878,0.464479,3.1087,-0.00456522,-0.00491329,-0.00264079,-3.14159
-6.54846,0.714485,3.09306,0.895626,0.293799,-0.015633,-3.14159
-6.61494,0.764071,3.07884,-0.0637423,0.0456787,-0.0142224,-3.14159
-6.62506,0.767355,3.07618,-0.00997075,0.00263778,-0.00266136,-3.14159
-6.64419,0.793019,3.06569,-0.0173274,0.0244211,-0.0104872,-3.14159
-6.66403,0.786113,3.06289,-0.0205729,-0.00855047,-0.00280111,-3.14159
-6.64562,0.787784,3.05546,0.0187594,0.00329674,-0.00743002,-3.14159
-6.63634,0.791296,3.04974,0.00972962,0.00442295,-0.0057191,-3.14159
-6.64733,0.760546,3.04665,-0.0141088,-0.0322319,-0.00309239,-3.14159
-6.63111,0.75199,3.04172,0.0155996,-0.00703625,-0.00492591,-3.14159
-6.57644,0.725558,3.02865,0.0526758,-0.0206268,-0.0130736,-3.14159
-6.57617,0.715929,3.02295,-0.000895643,-0.00980345,-0.00569941,-3.14159
-6.52595,0.692215,3.01303,0.0483539,-0.0176602,-0.00992453,-3.14159
-6.51334,0.668185,3.00868,0.00965914,-0.0229521,-0.00434978,-3.14159
-6.50517,0.650155,3.00475,0.00584945,-0.0173946,-0.00392637,-3.14159
-6.48413,0.634478,3.00054,0.0193889,-0.0130814,-0.00421186,-3.14159
-6.50791,0.594242,3.00173,-0.0303327,-0.0449031,0.00118707,-3.14159
-6.52299,0.593891,2.99918,-0.0156075,-0.0025924,-0.00254193,-3.14159
-6.54235,0.592325,2.99637,-0.0202256,-0.00454092,-0.00281186,-3.14159
-6.55013,0.587739,2.9958,-0.00873048,-0.00591693,-0.000566945,-3.14159
-6.55449,0.590779,2.99586,-0.00404487,0.00247839,5.92769e-05,-3.14159
-6.56706,0.599358,2.99539,-0.0116807,0.00695156,-0.000476315,-3.14159
-6.59556,0.599273,2.99409,-0.0294774,-0.0044651,-0.00129569,-3.14159
-6.6013,0.611078,2.99439,-0.00412878,0.0113214,0.000294248,-3.14159
-6.63305,0.624199,2.99361,-0.0308073,0.00867401,-0.000772973,-3.14159
-6.6461,0.624858,2.99292,-0.0133961,-0.00134065,-0.000689245,-3.14159
-6.66476,0.64039,2.99176,-0.0168803,0.0131598,-0.0011678,-3.14159
-6.68563,0.658665,2.99182,-0.0187511,0.015653,6.66898e-05,-3.14159
-6.72652,0.659881,2.98975,-0.042163,-0.00522186,-0.00207673,-3.14159
-6.74244,0.666608,2.98863,-0.0154183,0.00442904,-0.0011126,-3.14159
-6.7585,0.663303,2.98821,-0.0171822,-0.0060006,-0.000424934,-3.14159
-6.79254,0.681702,2.98769,-0.0323368,0.0136021,-0.000522549,-3.14159
-6.81715,0.689406,2.98788,-0.0242837,0.00403388,0.000197628,-3.14159
-6.88626,0.753278,2.98893,-0.0614259,0.0551722,0.00104486,-3.14159
-6.95455,0.871026,2.99424,-0.0525372,0.11124,0.00531628,-3.14159
-6.9671,0.888672,2.99729,-0.0103005,0.0163352,0.00304963,-3.14159
-7.03002,0.953472,3.007,-0.05566,0.0578539,0.0097086,-3.14159
-7.05969,0.971802,3.01168,-0.0279927,0.0148287,0.0046816,-3.14159
-7.07645,0.982026,3.01312,-0.015827,0.00826477,0.00143777,-3.14159
-7.09646,0.992863,3.01408,-0.0190817,0.00847945,0.000955317,-3.14159
-7.12741,1.01869,3.01781,-0.0283895,0.0224966,0.00373106,-3.14159
-7.15053,1.03019,3.0196,-0.0222141,0.0088561,0.00179073,-3.14159
-7.15992,1.04697,3.02309,-0.00755154,0.0160003,0.00349324,-3.14159
-7.19899,1.0684,3.02447,-0.0373162,0.0171854,0.00137401,-3.14159
-7.17902,1.0464,3.02575,0.0177711,-0.0200795,0.00128643,-3.14159
-7.20661,1.05522,3.02739,-0.0271106,0.0057731,0.00164138,-3.14159
-7.24929,1.05378,3.03075,-0.0436457,-0.00631003,0.003351,-3.14159
-7.27074,1.05832,3.03277,-0.0213362,0.00223766,0.00202391,-3.14159
-7.2403,1.05183,3.03473,0.0302685,-0.00327802,0.00196024,-3.14159
-7.22995,1.05297,3.03496,0.0106491,0.00228899,0.00023512,-3.14159
-7.21514,1.0377,3.03489,0.013408,-0.0139223,-7.42558e-05,-3.14159
-7.22361,1.03374,3.03542,-0.00904832,-0.00495285,0.000532576,-3.14159
-7.18097,1.01664,3.03756,0.0415318,-0.0128578,0.00213213,-3.14159
-7.17712,1.00635,3.03813,0.00282564,-0.0100523,0.000573163,-3.14159
-7.12731,0.984082,3.0401,0.0482929,-0.017461,0.0019723,-3.14159
-7.11683,0.975383,3.04018,0.00973587,-0.00775345,7.931e-05,-3.14159
-7.12118,0.962198,3.04067,-0.00576977,-0.0138362,0.000487279,-3.14159
-7.11259,0.940782,3.04075,0.00652865,-0.0208649,8.4405e-05,-3.14159
-7.16389,0.902714,3.04206,-0.0559429,-0.0438437,0.0013096,-3.14159
-7.1853,0.902255,3.0432,-0.0217714,-0.00261087,0.00113967,-3.14159
-7.21581,0.849179,3.0485,-0.0359249,-0.0566604,0.00529531,-3.14159
-7.24884,0.860923,3.04836,-0.0323617,0.00876947,-0.000132207,-3.14159
-7.26837,0.834423,3.0505,-0.0222234,-0.0286406,0.00213299,-3.14159
-7.28185,0.806563,3.054,-0.0161172,-0.0293827,0.00350122,-3.14159
-7.28618,0.78286,3.05638,-0.00642067,-0.0243379,0.00238322,-3.14159
-7.31053,0.74638,3.06,-0.0276126,-0.0388599,0.0036178,-3.14159
-7.32827,0.751125,3.06083,-0.017527,0.00334184,0.000826835,-3.14159
-7.34594,0.756279,3.06384,-0.0174189,0.00381223,0.00301483,-3.14159
-7.38853,0.713064,3.06729,-0.0461926,-0.0467723,0.00345052,-3.14159
-7.40774,0.702404,3.06908,-0.0201395,-0.012151,0.00178898,-3.14159
-7.48981,0.652904,3.07115,-0.086207,-0.0557058,0.00207376,-3.14159
-7.47966,0.650875,3.07147,0.0100815,-0.00132568,0.000317851,-3.14159
-7.4673,0.64551,3.07029,0.012068,-0.00451728,-0.00117828,-3.14159
-7.54624,0.634813,3.06682,-0.0804174,-0.0167513,-0.00347424,-3.14159
-7.52455,0.642029,3.06497,0.0224409,0.00895999,-0.0018486,-3.14159
-7.55729,0.644255,3.06129,-0.0328788,-0.000412108,-0.00368501,-3.14159
-7.53203,0.641228,3.0548,0.0252866,-0.000838389,-0.00648558,-3.14159
-7.53288,0.635893,3.05218,-0.00135116,-0.00547781,-0.002621,-3.14159
-7.51667,0.661658,3.0482,0.0188724,0.0276453,-0.00398031,-3.14159
-7.59465,0.625244,3.04103,-0.0829068,-0.0449638,-0.00716425,-3.14159
-7.58277,0.621302,3.03278,0.0116526,-0.00269292,-0.00825118,-3.14159
-7.57329,0.612905,3.02673,0.00868187,-0.00745021,-0.00605544,-3.14159
-7.60306,0.585524,3.02585,-0.0336271,-0.0314758,-0.000877494,-3.14159
-7.62827,0.54956,3.02738,-0.0299192,-0.0396312,0.00153237,-3.14159
-7.63717,0.529196,3.02777,-0.0114521,-0.021806,0.000383742,-3.14159
-7.70032,0.572943,3.02395,-0.0592136,0.037053,-0.00381447,-3.14159
-7.71715,0.590158,3.02247,-0.015095,0.0155311,-0.00147896,-3.14159
-7.75012,0.62346,3.02275,-0.0296156,0.0300024,0.000278979,-3.14159
-7.78607,0.658002,3.0241,-0.0325539,0.0309396,0.00134705,-3.14159
-7.80237,0.667866,3.02338,-0.0154482,0.00809889,-0.000719595,-3.14159
-7.82919,0.673514,3.0223,-0.026713,0.00248616,-0.00108107,-3.14159
-7.88146,0.696007,3.02054,-0.0506533,0.0164969,-0.00175896,-3.14159
-7.9321,0.747262,3.02192,-0.0454548,0.0461586,0.00138183,-3.14159
-7.96917,0.767552,3.02202,-0.0353879,0.0161846,0.000102057,-3.14159
-8.01104,0.803389,3.02179,-0.0383803,0.031475,-0.000228599,-3.14159
-8.03319,0.799526,3.02244,-0.0231101,-0.00665713,0.000644033,-3.14159
-8.10322,0.825,3.02017,-0.0684321,0.017313,-0.00226832,-3.14159
-8.19464,0.858351,3.01768,-0.0893315,0.0224822,-0.00249473,-3.14159
-8.23522,0.883035,3.01254,-0.038329,0.0199162,-0.00514034,-3.14159
-8.24776,0.886512,3.01246,-0.0124034,0.00189584,-7.73787e-05,-3.14159
-8.24167,0.891946,3.01357,0.00696224,0.00637439,0.00111287,-3.14159
-8.31623,0.953469,3.01171,-0.0682549,0.0531312,-0.00186192,-3.14159
-8.30278,0.943667,3.01133,0.0124824,-0.00825104,-0.000376436,-3.14159
-8.48339,0.918265,3.03602,-0.186421,-0.0452988,0.0246857,-3.14159
-8.54032,0.92664,3.03929,-0.0569642,0.0025703,0.00327089,-3.14159
-8.61298,0.967375,3.03889,-0.0695586,0.0337825,-0.000401056,-3.14159
-8.81216,1.04455,3.05377,-0.194638,0.0603392,0.0148845,-3.14159
-8.88683,1.05825,3.05943,-0.0743025,0.00762808,0.00565958,-3.14159
-8.95714,1.04302,3.06885,-0.0719903,-0.0205241,0.00941754,-3.14159
-9.07099,1.02617,3.08476,-0.115361,-0.0234318,0.0159069,-3.14159
-9.17072,1.09353,3.08368,-0.0963152,0.0618812,-0.00108008,-3.14159
-9.14712,1.13504,3.09062,0.0258161,0.0428803,0.00694803,-3.14159
-9.22461,1.12644,3.0982,-0.0780852,-0.0119946,0.00757855,-3.14159
-9.20542,1.1647,3.10591,0.0206003,0.0390231,0.00770567,-3.14159
-9.263,1.21433,3.10499,-0.0558752,0.0476096,-0.000917543,-3.14159
-9.27723,1.23456,3.10306,-0.0134763,0.0197245,-0.00193509,-3.14159
-9.41355,1.39475,3.10494,-0.130714,0.155508,0.00188174,-3.14159
-9.43914,1.3924,3.10902,-0.0257063,-0.00318508,0.00408386,-3.14159
-9.47676,1.41494,3.11135,-0.0369918,0.0214299,0.00232571,-3.14159
-9.51148,1.44499,3.11194,-0.0338749,0.0290592,0.00059121,-3.14159
-9.54385,1.47367,3.11262,-0.0315729,0.027776,0.000682758,-3.14159
-9.53008,1.48683,3.11564,0.0141224,0.0135319,0.00302152,-3.14159
-9.52893,1.48747,3.11648,0.00116977,0.000664798,0.000837109,-3.14159
-9.52168,1.48336,3.11628,0.00714923,-0.00392896,-0.000195576,-3.14159
-9.5554,1.4849,3.11585,-0.0337146,0.000671318,-0.000437825,-3.14159
-9.55953,1.47359,3.1157,-0.00442715,-0.0114309,-0.000143196,-3.14159
-9.57211,1.4677,3.11491,-0.0127463,-0.00622395,-0.000794101,-3.14159
-9.57744,1.44939,3.11236,-0.00587041,-0.0184946,-0.00254533,-3.14159
-9.58566,1.45506,3.11167,-0.00806626,0.00543109,-0.000698706,-3.14159
-9.58577,1.45505,3.11166,-0.000111433,-1.52797e-05,-1.74028e-06,-3.14159
-9.56861,1.45245,3.11158,0.0171038,-0.00208188,-8.63257e-05,-3.14159
-9.56857,1.45246,3.11158,4.27482e-05,9.81186e-06,-8.50965e-07,-3.14159
-9.56857,1.45246,3.11158,-3.29712e-07,-1.04509e-07,-1.95868e-08,-3.14159
-9.56254,1.44982,3.11127,0.00595675,-0.00246624,-0.000306795,-3.14159
-9.56257,1.44979,3.11127,-2.66638e-05,-2.11861e-05,2.56237e-07,-3.14159
-9.57485,1.43592,3.11257,-0.0127024,-0.0142491,0.00130315,-3.14159
-9.57484,1.43594,3.11258,1.0463e-05,1.66403e-05,3.12166e-06,-3.14159
-9.60227,1.45372,3.11166,-0.0269351,0.0169887,-0.000919733,-3.14159
-9.62701,1.46001,3.11125,-0.0245762,0.00554329,-0.00040894,-3.14159
-9.648,1.46165,3.11222,-0.0209749,0.00102734,0.000974355,-3.14159
-9.66366,1.4492,3.11451,-0.0160098,-0.0128957,0.00228797,-3.14159
-9.69912,1.47349,3.11381,-0.0348271,0.0233355,-0.000702795,-3.14159
-9.72935,1.48934,3.11369,-0.0298197,0.0150237,-0.00011472,-3.14159
-9.71618,1.49591,3.1154,0.0133517,0.00692547,0.00171043,-3.14159
-9.75486,1.52307,3.11426,-0.0379736,0.0261322,-0.00114512,-3.14159
-9.77629,1.51143,3.11765,-0.0217355,-0.0121649,0.00339488,-3.14159
-9.78451,1.51949,3.1175,-0.00803164,0.00786716,-0.000155792,-3.14159
-9.80989,1.54212,3.11687,-0.0248423,0.0220191,-0.000628097,-3.14159
-9.86435,1.55761,3.1166,-0.0541249,0.0141438,-0.000268087,-3.14159
-9.89057,1.57736,3.1148,-0.0257181,0.0190683,-0.00180311,-3.14159
-9.94322,1.62724,3.109,-0.0511022,0.0482429,-0.00579916,-3.14159
-9.97937,1.6192,3.11035,-0.0364558,-0.00918041,0.00135228,-3.14159
-10.0088,1.5949,3.11234,-0.0302215,-0.0252023,0.00199221,-3.14159
-10.0327,1.58247,3.11328,-0.0242701,-0.0131203,0.000938206,-3.14159
-10.0879,1.5573,3.11577,-0.0558612,-0.0266239,0.00248476,-3.14159
-10.0994,1.56493,3.11323,-0.0113399,0.00731197,-0.00253643,-3.14159
-10.1459,1.52919,3.11518,-0.0475005,-0.0370076,0.00194612,-3.14159
-10.1939,1.52425,3.11521,-0.0481427,-0.00621097,3.5492e-05,-3.14159
-10.1721,1.51058,3.11259,0.0213889,-0.0130494,-0.00262072,-3.14159
-10.1771,1.49729,3.11147,-0.00536119,-0.013465,-0.00111647,-3.14159
-10.2192,1.48139,3.11014,-0.0426831,-0.0172514,-0.00132999,-3.14159
-10.2298,1.47431,3.10652,-0.0108881,-0.00745917,-0.00362201,-3.14159
-10.3042,1.45521,3.09894,-0.0754274,-0.0223403,-0.00757694,-3.14159
-10.2921,1.45675,3.0949,0.0122433,0.00211531,-0.00403975,-3.14159
-10.2885,1.45862,3.09111,0.0037377,0.00205742,-0.00379785,-3.14159
-10.2704,1.45963,3.08581,0.0182519,0.00202932,-0.00529726,-3.14159
-10.3242,1.44689,3.06774,-0.0552661,-0.0168613,-0.0180698,-3.14159
-10.3653,1.42994,3.06066,-0.0428719,-0.0204766,-0.00708224,-3.14159
-10.3816,1.27309,3.06348,-0.0288285,-0.159593,0.00282166,-3.14159
-10.4361,1.26908,3.05416,-0.0554435,-0.0088797,-0.00931844,-3.14159
-10.4156,1.258,3.04831,0.0197242,-0.00928943,-0.00585432,-3.14159
-10.4421,1.25444,3.04412,-0.0272787,-0.00623795,-0.00418472,-3.14159
-10.4991,1.18951,3.04205,-0.0644093,-0.0716848,-0.0020719,-3.14159
-10.5271,1.21394,3.03687,-0.0258925,0.0218362,-0.00518071,-3.14159
-10.5517,1.17165,3.039,-0.0294157,-0.0455383,0.0021318,-3.14159
-10.5785,1.17585,3.03808,-0.0268042,0.00143799,-0.000923543,-3.14159
-10.6193,1.15898,3.0415,-0.0431467,-0.0212901,0.00341811,-3.14159
-10.6505,1.14618,3.0445,-0.0328762,-0.0160652,0.00300006,-3.14159
-10.7702,1.14036,3.05403,-0.12163,-0.0165146,0.00953545,-3.14159
-10.8396,1.17726,3.0536,-0.0669764,0.0311311,-0.000430216,-3.14159
-10.9623,1.19529,3.06245,-0.122389,0.00838486,0.00885297,-3.14159
-10.9743,1.155,3.06794,-0.0150706,-0.0415131,0.00548484,-3.14159
-10.995,1.13621,3.06826,-0.0223099,-0.0204814,0.000322355,-3.14159
-11.0828,1.1218,3.07643,-0.0892306,-0.0202645,0.00817285,-3.14159
-11.1151,1.10164,3.08138,-0.0337223,-0.022227,0.00495073,-3.14159
-11.1744,1.08439,3.08672,-0.0605252,-0.0205981,0.00533966,-3.14159
-11.2562,1.06859,3.09104,-0.0829785,-0.0200217,0.00431418,-3.14159
-11.3031,1.05295,3.09409,-0.0477819,-0.017928,0.00304774,-3.14159
-11.3288,1.02968,3.09649,-0.0268351,-0.0245056,0.00240511,-3.14159
-11.4189,1.08259,3.09132,-0.0877826,0.0485571,-0.00517242,-3.14159
-11.4564,1.05664,3.09305,-0.038811,-0.0278659,0.00172986,-3.14159
-11.4007,1.03012,3.08768,0.0544125,-0.0236233,-0.00537167,-3.14159
-11.494,1.06427,3.08333,-0.0916824,0.0288633,-0.00435049,-3.14159
-11.5196,1.06627,3.08265,-0.0256128,0.000495645,-0.000678196,-3.14159
-11.5628,1.07969,3.08059,-0.0426571,0.0108337,-0.00206079,-3.14159
-11.5903,1.09576,3.07896,-0.0266606,0.0144289,-0.00163034,-3.14159
-11.647,1.14344,3.07925,-0.0539943,0.0444081,0.000289424,-3.14159
-11.6641,1.1768,3.08171,-0.0152284,0.032503,0.00246327,-3.14159
-11.793,1.18242,3.08977,-0.129108,-0.00106385,0.00806216,-3.14159
-11.84,1.25129,3.09426,-0.0439151,0.0668629,0.0044879,-3.14159
-11.9021,1.27756,3.0943,-0.0610659,0.0234124,3.99686e-05,-3.14159
-11.8798,1.30121,3.10011,0.0233447,0.024637,0.00580965,-3.14159
-12.016,1.37159,3.10012,-0.133583,0.0649003,1.10681e-05,-3.14159
-12.11,1.47071,3.10531,-0.0905954,0.0958913,0.00518928,-3.14159
-12.1879,1.62812,3.11619,-0.073969,0.155584,0.0108754,-3.14159
-12.1984,1.63507,3.11938,-0.0104144,0.00671617,0.00319724,-3.14159
-12.2622,1.68504,3.12042,-0.0627138,0.0486526,0.00103509,-3.14159
-12.3327,1.71531,3.12258,-0.0699686,0.0289467,0.00216612,-3.14159
-12.3811,1.75706,3.13236,-0.0480105,0.0413063,0.00977487,-3.14159
-12.368,1.76168,3.13503,0.0130921,0.00471022,0.00267366,-3.14159
-12.4193,1.83811,3.13546,-0.0508052,0.0761233,0.000431762,-3.14159
-12.4197,1.8368,3.13785,-0.000428816,-0.0013148,0.00238744,-3.14159
-12.4142,1.85384,3.14155,0.00545819,0.0170391,0.00369331,-3.14159
-12.3791,1.85926,3.14505,0.0351093,0.00529555,0.00350232,-3.14159
-12.3482,1.86,3.14974,0.0309447,0.000492164,0.00468923,-3.14159
-12.3328,1.85564,3.15091,0.0154087,-0.00450284,0.00117129,-3.14159
-12.3761,1.82305,3.15795,-0.0428276,-0.0318957,0.00704304,-3.14159
-12.3699,1.8381,3.1592,0.00594313,0.0149458,0.00124498,-3.14159
-12.3554,1.83715,3.15953,0.0145497,-0.00120436,0.000330864,-3.14159
-12.3618,1.82436,3.15858,-0.00617212,-0.012688,-0.000951589,-3.14159
-12.3184,1.83185,3.15783,0.0433416,0.00678543,-0.000747424,-3.14159
-12.3233,1.83416,3.15828,-0.00495832,0.00238794,0.000456647,-3.14159
-12.3154,1.86307,3.15392,0.00755223,0.028829,-0.00436617,-3.14159
-12.3135,1.86658,3.15391,0.00186586,0.00348258,-1.24828e-05,-3.14159
-12.316,1.85297,3.15221,-0.00235371,-0.0135858,-0.00169456,-3.14159
-12.3248,1.85427,3.15252,-0.00888366,0.00139472,0.000313625,-3.14159
-12.2935,1.87474,3.15234,0.0311517,0.0201368,-0.000185395,-3.14159
-12.2814,1.85695,3.15251,0.0123063,-0.0179221,0.000174256,-3.14159
-12.2525,1.90785,3.14883,0.0285119,0.0506959,-0.00368473,-3.14159
-12.2342,1.93029,3.14718,0.0181323,0.022332,-0.00164716,-3.14159
-12.2227,1.92154,3.14833,0.0115539,-0.00882168,0.0011474,-3.14159
-12.2361,1.97538,3.14202,-0.0133595,0.0538428,-0.00631172,-3.14159
-12.2599,1.93589,3.1404,-0.0238651,-0.0395167,-0.00161692,-3.14159
-12.2625,1.92341,3.14027,-0.00262128,-0.012485,-0.000131644,-3.14159
-12.2713,1.85291,3.13877,-0.00903057,-0.0705264,-0.00150265,-3.14159
-12.2815,1.82554,3.13875,-0.0103128,-0.0273972,-2.01404e-05,-3.14159
-12.2803,1.74608,3.13215,0.000451657,-0.0794591,-0.00659167,-3.14159
-12.3029,1.73188,3.13302,-0.022647,-0.0143928,0.000867484,-3.14159
-12.3726,1.68013,3.13214,-0.0701873,-0.0524205,-0.000879862,-3.14159
-12.3918,1.66618,3.13248,-0.0193383,-0.0141211,0.000336658,-3.14159
-12.4669,1.66842,3.13623,-0.0750816,0.00183002,0.00375154,-3.14159
-12.4679,1.62865,3.13337,-0.00139697,-0.0397794,-0.00285646,-3.14159
-12.4796,1.66553,3.13276,-0.0113796,0.0367829,-0.000616944,-3.14159
-12.4742,1.63619,3.1306,0.00512301,-0.029287,-0.00215383,-3.14159
-12.5268,1.57091,3.12447,-0.0537674,-0.0662081,-0.00613618,-3.14159
-12.5591,1.56456,3.12322,-0.0324067,-0.00694875,-0.00125034,-3.14159
-12.6475,1.60355,3.12207,-0.0876996,0.0372881,-0.00114294,-3.14159
-12.6556,1.64677,3.12089,-0.00723843,0.0430758,-0.00118039,-3.14159
-12.6584,1.58916,3.11733,-0.00421362,-0.0577318,-0.00356408,-3.14159
-12.6569,1.57339,3.11564,0.00115414,-0.0157416,-0.00169,-3.14159
-12.7609,1.54911,3.11587,-0.104758,-0.0269845,0.000233188,-3.14159
-12.8061,1.53983,3.1122,-0.0455331,-0.0106189,-0.00366784,-3.14159
-12.8771,1.51094,3.10427,-0.072186,-0.031612,-0.00793814,-3.14159
-12.7872,1.48907,3.10419,0.0892588,-0.0185444,-7.28383e-05,-3.14159
-12.7986,1.36136,3.09107,-0.0179573,-0.128777,-0.013126,-3.14159
-12.8342,1.3308,3.08119,-0.0376122,-0.0328964,-0.00987829,-3.14159
-12.8186,1.3637,3.06541,0.0181829,0.0343884,-0.0157779,-3.14159
-12.9314,1.34445,3.06045,-0.115489,-0.028708,-0.00496148,-3.14159
-12.6712,1.27576,3.06688,0.257262,-0.0496234,0.00642611,-3.14159
-12.7268,1.29466,3.06303,-0.0546631,0.014654,-0.00384662,-3.14159
-12.7611,1.26148,3.06034,-0.0373677,-0.0363284,-0.00268944,-3.14159
-12.8289,1.29085,3.06299,-0.0660963,0.0242531,0.00265385,-3.14159
-12.9622,1.40794,3.06963,-0.125866,0.108324,0.00664125,-3.14159
-13.0155,1.46553,3.07184,-0.0495882,0.0542577,0.00220447,-3.14159
-13.1154,1.37687,3.0729,-0.106791,-0.0962167,0.00105611,-3.14159
-13.1788,1.34,3.06826,-0.066634,-0.041859,-0.00463764,-3.14159
-13.2151,1.2836,3.06763,-0.0407811,-0.0595802,-0.000630161,-3.14159
-13.3689,1.36216,3.07096,-0.149371,0.0681913,0.00332846,-3.14159
-13.4078,1.34438,3.07109,-0.0404347,-0.0206768,0.000128987,-3.14159
-13.472,1.39883,3.07341,-0.0609408,0.0504064,0.00232597,-3.14159
-13.5646,1.26419,3.05579,-0.105299,-0.144187,-0.017618,-3.14159
-13.5275,1.1896,3.05726,0.0310953,-0.0722296,0.00146726,-3.14159
-13.6898,1.30135,3.06213,-0.154837,0.0997717,0.00486999,-3.14159
-13.743,1.25619,3.06048,-0.0575189,-0.0499803,-0.00164982,-3.14159
-13.8041,1.28686,3.0521,-0.0590208,0.0254952,-0.00837667,-3.14159
-14.0028,1.31943,3.04592,-0.198281,0.0136899,-0.00618705,-3.14159
-14.1299,1.37742,3.04795,-0.123273,0.0466658,0.0020345,-3.14159
-14.1604,1.38715,3.04833,-0.0299508,0.00697061,0.000377225,-3.14159
-14.361,1.48151,3.05188,-0.194498,0.0772482,0.00355591,-3.14159
-14.4334,1.50409,3.05179,-0.0712599,0.0162558,-9.63337e-05,-3.14159
-14.1519,1.32964,3.05515,0.269458,-0.151758,0.00336056,-3.14159
-14.4676,1.51996,3.05769,-0.302902,0.165526,0.00253656,-3.14159
-14.3911,1.53418,3.06647,0.0782099,0.0201407,0.00878764,-3.14159
-14.4194,1.53502,3.06471,-0.0284874,-0.00135309,-0.00176136,-3.14159
-14.3614,1.47782,3.06366,0.0540091,-0.0531591,-0.00104682,-3.14159
-14.1767,1.42447,3.07082,0.182334,-0.0405567,0.00715227,-3.14159
-14.2995,1.44293,3.0601,-0.122564,0.00851931,-0.0107197,-3.14159
-14.3855,1.60099,3.06932,-0.0751435,0.153028,0.00921987,-3.14159
-14.4854,1.6018,3.07332,-0.10049,-0.00606143,0.00399793,-3.14159
-14.7076,1.73168,3.07107,-0.214624,0.115046,-0.00224908,-3.14159
-14.7654,1.74164,3.0742,-0.0575835,0.00609247,0.00313892,-3.14159
-14.7421,1.73723,3.07553,0.0231341,-0.00289038,0.00132205,-3.14159
-14.7514,1.69958,3.0734,-0.0119573,-0.0385549,-0.00212522,-3.14159
-14.777,1.7081,3.07405,-0.0251719,0.00684546,0.000643615,-3.14159
-14.8037,1.72124,3.07523,-0.0260065,0.0114317,0.00118106,-3.14159
-14.8214,1.70101,3.07853,-0.0191094,-0.0214697,0.00330645,-3.14159
-14.7989,1.71096,3.08386,0.023208,0.0113012,0.00532586,-3.14159
-14.8007,1.68894,3.08401,-0.00308299,-0.0222318,0.00015154,-3.14159
-14.844,1.65191,3.08555,-0.045563,-0.0396458,0.0015378,-3.14159
-14.8348,1.69623,3.10006,0.011098,0.0448219,0.0145132,-3.14159
-14.9047,1.64119,3.10611,-0.0720125,-0.0576344,0.00604475,-3.14159
-14.9374,1.61913,3.10629,-0.033541,-0.0232576,0.000186082,-3.14159
-14.9038,1.5913,3.10577,0.0326564,-0.0266747,-0.000517825,-3.14159
-14.9061,1.56973,3.10739,-0.00300662,-0.0216826,0.00161115,-3.14159
-14.773,1.52541,3.10505,0.131697,-0.03954,-0.00233328,-3.14159
-14.6453,1.48314,3.10497,0.126454,-0.0376627,-8.58315e-05,-3.14159
-14.6243,1.47722,3.10747,0.0208232,-0.00521109,0.00250201,-3.14159
-14.6382,1.47754,3.11192,-0.0139594,-9.50905e-05,0.00445513,-3.14159
-14.6581,1.48494,3.11334,-0.0196723,0.00684198,0.00142104,-3.14159
-14.7349,1.44693,3.11393,-0.0779913,-0.040183,0.000583057,-3.14159
-14.7751,1.40174,3.11577,-0.0414237,-0.0462675,0.00184279,-3.14159
-14.6896,1.34358,3.11512,0.084072,-0.0559577,-0.000652041,-3.14159
-14.6737,1.32108,3.11482,0.015367,-0.0220979,-0.000300554,-3.14159
-14.7735,1.29037,3.11519,-0.100783,-0.0333776,0.000376831,-3.14159
-14.8631,1.29119,3.11223,-0.089683,-0.00181163,-0.00296466,-3.14159
-14.9474,1.29912,3.10982,-0.0841638,0.00525084,-0.00240985,-3.14159
-15.0221,1.32123,3.1114,-0.0741066,0.0198831,0.0015847,-3.14159
-15.1311,1.36216,3.10869,-0.107789,0.0374046,-0.00271484,-3.14159
-15.0888,1.32735,3.10975,0.0412264,-0.0335074,0.00105787,-3.14159
-15.18,1.17732,3.13024,-0.0929574,-0.151096,0.0204924,-3.14159
-15.1557,1.13194,3.13047,0.0237985,-0.0451184,0.000225095,-3.14159
-15.0853,1.14225,3.13853,0.0704236,0.0105275,0.00806889,-3.14159
-15.2491,1.09641,3.1342,-0.164088,-0.0470568,-0.00433126,-3.14159
-15.1701,1.07244,3.13865,0.0788471,-0.0237357,0.00444369,-3.14159
-15.2133,1.07453,3.14045,-0.043134,0.00203711,0.00180407,-3.14159
-15.0593,1.08769,3.14604,0.153968,0.0124711,0.00558552,-3.14159
-15.0104,1.06666,3.14783,0.0490224,-0.0213289,0.00179815,-3.14159
-14.8859,0.975986,3.14667,0.124893,-0.0913127,-0.00116546,-3.14159
-14.7611,0.986857,3.12389,0.125141,0.013089,-0.022778,-3.14159
-14.7587,0.989477,3.12295,0.00236235,0.00266442,-0.000943174,-3.14159
-14.7395,1.08504,3.11736,0.0215722,0.0961143,-0.00558354,-3.14159
-14.608,1.14905,3.10902,0.133811,0.0684058,-0.00834362,-3.14159
-14.6245,1.17057,3.09779,-0.0155826,0.0208528,-0.0112324,-3.14159
-14.6263,1.17927,3.08811,-0.00131981,0.00864182,-0.00967591,-3.14159
-14.4799,1.39639,3.10594,0.154361,0.22276,0.0178316,-3.14159
-14.5129,1.403,3.09858,-0.0327688,0.0052073,-0.00736847,-3.14159
-14.4878,1.46005,3.09685,0.0277243,0.0583476,-0.00172676,-3.14159
-14.5667,1.49807,3.08741,-0.0771916,0.0338948,-0.00943499,-3.14159
-14.6076,1.5204,3.08432,-0.0398105,0.0200821,-0.00309865,-3.14159
-14.6569,1.54637,3.0824,-0.047963,0.0231704,-0.00191491,-3.14159
-14.7875,1.57996,3.08129,-0.129341,0.0258462,-0.00110656,-3.14159
-14.8222,1.63913,3.07645,-0.0309923,0.0572728,-0.00484267,-3.14159
-14.775,1.63362,3.07742,0.0470877,-0.00249895,0.000969225,-3.14159
-14.9007,1.67684,3.07893,-0.123716,0.0355491,0.00151038,-3.14159
-14.8922,1.66416,3.07824,0.00777659,-0.0122169,-0.000688282,-3.14159
-14.9598,1.7143,3.07655,-0.0647363,0.0460295,-0.00169016,-3.14159
-15.001,1.78884,3.07282,-0.0363077,0.0722183,-0.00373113,-3.14159
-14.9857,1.78034,3.0714,0.0148307,-0.00748094,-0.00141906,-3.14159
-15.0041,1.81033,3.06849,-0.016348,0.0288723,-0.00291139,-3.14159
-15.0897,1.83583,3.06766,-0.084482,0.0193153,-0.000826719,-3.14159
-15.1287,1.83289,3.06596,-0.0395057,-0.0059429,-0.00170028,-3.14159
-15.149,1.80596,3.06546,-0.022567,-0.0287261,-0.000505586,-3.14159
-15.1612,1.8093,3.0657,-0.0120245,0.00243509,0.000244766,-3.14159
-15.1932,1.79951,3.0653,-0.0330809,-0.0123457,-0.000407024,-3.14159
-15.1938,1.81228,3.06523,0.000403218,0.0128312,-6.54996e-05,-3.14159
-15.2093,1.83252,3.06644,-0.0140484,0.0192435,0.00120487,-3.14159
-15.1877,1.84,3.06328,0.0222949,0.00925727,-0.00315877,-3.14159
-15.187,1.84549,3.06502,0.00113399,0.00559125,0.00174773,-3.14159
-15.1591,1.90071,3.07616,0.0317322,0.0574103,0.0111356,-3.14159
-15.1524,1.91398,3.07603,0.00765709,0.0138027,-0.000125469,-3.14159
-15.1506,1.9184,3.0772,0.0020938,0.00456275,0.0011643,-3.14159
-15.1532,1.92805,3.07637,-0.00198597,0.00954377,-0.000829584,-3.14159
-15.1725,1.95853,3.08015,-0.0175051,0.0294612,0.00378126,-3.14159
-15.1436,1.95981,3.08301,0.0291443,0.00298991,0.00286432,-3.14159
-15.0262,1.86901,3.07256,0.11191,-0.0832764,-0.0104507,-3.14159
-15.0069,1.87518,3.07362,0.0198398,0.00753334,0.00105655,-3.14159
-15.0674,1.91865,3.07218,-0.0579359,0.0395499,-0.00144231,-3.14159
-15.0006,1.88784,3.07622,0.0652691,-0.0266056,0.00403838,-3.14159
-15.0358,1.9049,3.07603,-0.0343015,0.0148466,-0.000183503,-3.14159
-15.0364,1.90795,3.0769,-0.000443128,0.00302652,0.000871084,-3.14159
-15.0787,1.92943,3.07709,-0.0412101,0.0188665,0.000181872,-3.14159
